2.657729741867590478e-01
2.687068830614823267e-01
2.715777802445141775e-01
2.744113530882519303e-01
2.772038180907250293e-01
2.799564999235422125e-01
2.826691080416472435e-01
2.853335342680572428e-01
2.879614607861367137e-01
2.905482027852045457e-01
2.930942672073963973e-01
2.955990673048630724e-01
2.980622875276617845e-01
3.004835678667239773e-01
3.028625624592359289e-01
3.051989058614244521e-01
3.074922414930808534e-01
3.097422364602331335e-01
3.119485367189366865e-01
3.141107960451060555e-01
3.162286482645515484e-01
3.183017784853737209e-01
3.203298284492898107e-01
3.223124734628869947e-01
3.242498052494539040e-01
3.261408860579608215e-01
3.279856817798439406e-01
3.297838258494993902e-01
3.315350526650776564e-01
3.332390859383323467e-01
3.348956425792284919e-01
3.365044321300656449e-01
3.380652263280102821e-01
3.395777094959777087e-01
3.410416439388468390e-01
3.424568110482100192e-01
3.438229090923614062e-01
3.451397566914345960e-01
3.464070747459407906e-01
3.476246259937207372e-01
3.487922103606961866e-01
3.499096202036564573e-01
3.509765890219175843e-01
3.519929514410588545e-01
3.529584922390093249e-01
3.538730348818644456e-01
3.547363600882065260e-01
3.555482910398162222e-01
3.563086692956481949e-01
3.570172889473511857e-01
3.576739935287093219e-01
3.582786409627504165e-01
3.588310635630412304e-01
3.593311129639442658e-01
3.597786212476576928e-01
3.601734609299377943e-01
3.605155185624543956e-01
3.608046560529462043e-01
3.610407336421829760e-01
3.612236915932803827e-01
3.613533739913773468e-01
3.614296719517390288e-01
3.614525397935469675e-01
3.614218215274576096e-01
3.613375007015008356e-01
3.611994547300405034e-01
3.610076026767206625e-01
3.607619320804147378e-01
3.604623390671599648e-01
3.601087859913841838e-01
3.597012475785105190e-01
3.592396276375627306e-01
3.587239835467513904e-01
3.581541855693134990e-01
3.575302953825317265e-01
3.568522509751142491e-01
3.561201013181136132e-01
3.553337787085182886e-01
3.544933135246978728e-01
3.535987312565916363e-01
3.526500428124692554e-01
3.516472523612205192e-01
3.505904395625570880e-01
3.494795808219344213e-01
3.483147607777482557e-01
3.470960165338086156e-01
3.458234061023061079e-01
3.444969908302170092e-01
3.431168409998273106e-01
3.416830303223941101e-01
3.401956394969981590e-01
3.386547543970311880e-01
3.370604673191058831e-01
3.354128756404112788e-01
3.337121068264172763e-01
3.319582372912245338e-01
3.301513895519687103e-01
3.282917050976660867e-01
3.263787850955185976e-01
3.244134316253385331e-01
3.223954921617076530e-01
3.203251415057809526e-01
3.182024787694019974e-01
3.160276490385756087e-01
3.138007976121759968e-01
3.115221036723055392e-01
3.091916908752167514e-01
3.068098249934735344e-01
3.043765902997079831e-01
3.018922834350286077e-01
2.993569858577133092e-01
2.967710353327212003e-01
2.941347092196350266e-01
2.914567989476124499e-01
2.887254252506055163e-01
2.859453062265420176e-01
2.831159650745315171e-01
2.802379043146381310e-01
2.773113731908918300e-01
2.743366656347898669e-01
2.713140440662668018e-01
2.682437372271335163e-01
2.651260461654424416e-01
2.619612837141662709e-01
2.587499147824370294e-01
2.554921606756922481e-01
2.521884343860483213e-01
2.488392389477150357e-01
2.454451054456734393e-01
2.420067716368543009e-01
2.385250929299260747e-01
2.350004265394455838e-01
2.314329898663505802e-01
2.278227411113824541e-01
2.241697501751446220e-01
2.204745429349946884e-01
2.167437518003168528e-01
2.129719187140756143e-01
2.091609286757469821e-01
2.053114823802433264e-01
2.014243840714683986e-01
1.975175450871329286e-01
1.935635067447211699e-01
1.895727841191464647e-01
1.855372291435545273e-01
1.814649331294143630e-01
1.773590432637936476e-01
1.732193466327300868e-01
1.690452821704568342e-01
1.648358179011488178e-01
1.606031476996682694e-01
1.563433239248544493e-01
1.520421303300614202e-01
1.477050735000395576e-01
1.433369699610148040e-01
1.389371884122210798e-01
1.345059091971014809e-01
1.300443727820490281e-01
1.255625225641112119e-01
1.210447303169955302e-01
1.165057446207244940e-01
1.119428333081289306e-01
1.073558453899719489e-01
1.027451123665613086e-01
9.811077880884880309e-02
9.345391472573411074e-02
8.877507976807502699e-02
8.407498781936731391e-02
7.935438995701582510e-02
7.461413924071216841e-02
6.985558962557431029e-02
6.508022121223366874e-02
6.028877266483695374e-02
5.548091317993331106e-02
5.065708087610318322e-02
4.581877751090260298e-02
4.096655523608011551e-02
3.610084027932319861e-02
3.122201246794478746e-02
2.632983967099475353e-02
2.142689209993031696e-02
1.651454412358044355e-02
1.159224448679752051e-02
6.672413732287468813e-03
1.728043123686517912e-03
-3.205114040488343807e-03
-8.149710246923222434e-03
-1.309197582165771978e-02
-1.805512327561924202e-02
-2.300413129532595524e-02
-2.796271840866548786e-02
-3.292204626350951624e-02
-3.788419344338837813e-02
-4.284809090755206662e-02
-4.781288067360700555e-02
-5.277460792148382096e-02
-5.772901234316286934e-02
-6.267793227580922832e-02
-6.762196947794461843e-02
-7.256207752992210880e-02
-7.749511141724495233e-02
-8.242129421953088564e-02
-8.733968220861373921e-02
-9.224963135238550827e-02
-9.715223200467151821e-02
-1.020444895157958665e-01
-1.069266022964422136e-01
-1.117975234318747402e-01
-1.166565648232820163e-01
-1.215029663891377398e-01
-1.263360011616393719e-01
-1.311549487284326965e-01
-1.359590975221900699e-01
-1.407477372892000367e-01
-1.455201721596164066e-01
-1.502757200875621812e-01
-1.550137321382491495e-01
-1.597335694691933150e-01
-1.644346049403372367e-01
-1.691162251478926792e-01
-1.737778306560463226e-01
-1.784188994248036564e-01
-1.830387770414275139e-01
-1.876369599781869957e-01
-1.922128181074806985e-01
-1.967657464853197202e-01
-2.012956231483672975e-01
-2.058012679437792314e-01
-2.102814243731552513e-01
-2.147381053251145311e-01
-2.191703516671508478e-01
-2.235771403080000774e-01
-2.279575373562205132e-01
-2.323116652423201089e-01
-2.366392176040154061e-01
-2.409438745495596779e-01
-2.452207709158897853e-01
-2.494741605519051886e-01
-2.536993820243660380e-01
-2.578940263129764210e-01
-2.620515203805573456e-01
-2.661796095437581888e-01
-2.702772316264313024e-01
-2.743450914396698970e-01
-2.783814773940133658e-01
-2.823907445022429963e-01
-2.863690031225348265e-01
-2.903172718901825822e-01
-2.942431508340155322e-01
-2.981347593929247752e-01
-3.019966242027619652e-01
-3.058196825149114284e-01
-3.096074858723683043e-01
-3.133668020354088424e-01
-3.170939819146987304e-01
-3.207906627161010160e-01
-3.244556295174891303e-01
-3.280887931172561389e-01
-3.316893979714948815e-01
-3.352582181897717506e-01
-3.387949239853118022e-01
-3.422995613764239220e-01
-3.457720978364403619e-01
-3.492125341820916939e-01
-3.526208750166810457e-01
-3.559969738212840351e-01
-3.593409616618796210e-01
-3.626528770819642533e-01
-3.659327454752490660e-01
-3.691806131311968220e-01
-3.723965295386107988e-01
-3.755805504243294179e-01
-3.787327354959915127e-01
-3.818531473491656447e-01
-3.849418797516442337e-01
-3.879990117250434190e-01
-3.910245880566877719e-01
-3.940187070728046193e-01
-3.969814371441247047e-01
-3.999128388355568942e-01
-4.028128807751097940e-01
-4.056811197582242956e-01
-4.085040758322128207e-01
-4.113350522125830411e-01
-4.141398281285058047e-01
-4.169081762824232151e-01
-4.196483433130258067e-01
-4.223591261210348780e-01
-4.250295641008854375e-01
-4.276703690638333777e-01
-4.302995611158159095e-01
-4.328904279668894794e-01
-4.354537546857126240e-01
-4.379871453424000749e-01
-4.404914733765034063e-01
-4.429665664810099601e-01
-4.454125830773209560e-01
-4.478296555452432326e-01
-4.502179215563315573e-01
-4.525775155167191532e-01
-4.549085759931225659e-01
-4.572112445051321750e-01
-4.594857301947431472e-01
-4.617320872620723216e-01
-4.639505229807445175e-01
-4.661412155148251246e-01
-4.683043560985494791e-01
-4.704401380940580468e-01
-4.725487605706779615e-01
-4.746304268086765088e-01
-4.766853441794277613e-01
-4.787137234913043105e-01
-4.807133833465013217e-01
-4.826855906047288758e-01
-4.846321856275775386e-01
-4.865520029737153695e-01
-4.884442000098122572e-01
-4.903089991736214182e-01
-4.921470609499284388e-01
-4.939870903671295665e-01
-4.957875532586973888e-01
-4.975651189220232640e-01
-4.993214187817098249e-01
-5.010561218987038545e-01
-5.027611155365250273e-01
-5.044410964498282635e-01
-5.061061815539175113e-01
-5.077429458833442322e-01
-5.093566635894559713e-01
-5.109466833656005624e-01
-5.125136181620066900e-01
-5.140625465321980725e-01
-5.155787249393535276e-01
-5.170689360283955427e-01
-5.185403018237445538e-01
-5.199890717517027250e-01
-5.214162984402754830e-01
-5.228218671222732983e-01
-5.242060112824084017e-01
-5.255688832798642851e-01
-5.269106595889048172e-01
-5.282299453797102418e-01
-5.295260152848334512e-01
-5.307972111887770961e-01
-5.320430651082872497e-01
-5.332654085908349328e-01
-5.344656876944455792e-01
-5.356451119167621178e-01
-5.368147655135449003e-01
-5.379637015243359244e-01
-5.390889422718425639e-01
-5.401934662531850950e-01
-5.412770158634170325e-01
-5.423400193126434177e-01
-5.433826425155114936e-01
-5.444050761168371944e-01
-5.454074730748303956e-01
-5.463900292416257187e-01
-5.473528841716279736e-01
-5.482961374544974564e-01
-5.492199106818224097e-01
-5.501244339920879911e-01
-5.510097747399751444e-01
-5.518782417739368507e-01
-5.527299116022471592e-01
-5.535647001514611976e-01
-5.543821158176436281e-01
-5.551815704863888312e-01
-5.559624580598310217e-01
-5.567240526853476368e-01
-5.574521164959996833e-01
-5.581567402464324701e-01
-5.588460727827810892e-01
-5.595150834998384726e-01
-5.601647770559687878e-01
-5.607947032108675511e-01
-5.614048637282109677e-01
-5.619951582161869519e-01
-5.625655180844243430e-01
-5.631158635216030328e-01
-5.636461118247357849e-01
-5.641621015916763460e-01
-5.646596565698348558e-01
-5.651351509132452877e-01
-5.655905997675109154e-01
-5.660254541090008473e-01
-5.664397638856486505e-01
-5.668333753017255061e-01
-5.672061658699758535e-01
-5.675579878382983612e-01
-5.678886885037263133e-01
-5.681980854267087988e-01
-5.684859078079137484e-01
-5.687520207846917808e-01
-5.689962202834325522e-01
-5.692183085912159157e-01
-5.694180751797235374e-01
-5.695953022018064305e-01
-5.697497630150749615e-01
-5.698812225254406005e-01
-5.699894369023352780e-01
-5.700741534842115321e-01
-5.701351105645501294e-01
-5.701720372178152862e-01
-5.701846530931752310e-01
-5.701726681645157280e-01
-5.701357825618906805e-01
-5.700736862897244350e-01
-5.699860590246916825e-01
-5.698725698532900452e-01
-5.697328770649685570e-01
-5.695666279024169665e-01
-5.693734583395908544e-01
-5.691529928285588014e-01
-5.689048441632573727e-01
-5.686286131494932006e-01
-5.683238935952097393e-01
-5.679902193758122886e-01
-5.676270959115121695e-01
-5.672341191511311997e-01
-5.668108277801202632e-01
-5.663567609438946437e-01
-5.658714439944094732e-01
-5.653543928954953834e-01
-5.647998751273547446e-01
-5.642113223894039686e-01
-5.635907454534720973e-01
-5.629360057088232949e-01
-5.622468864846934533e-01
-5.615227101941606680e-01
-5.607629391968480537e-01
-5.599669986012623113e-01
-5.591343186090138584e-01
-5.582779794952581476e-01
-5.573869599925297402e-01
-5.564517827207821066e-01
-5.554753546801377562e-01
-5.544552586908992886e-01
-5.533916628345767474e-01
-5.522862508589114761e-01
-5.511408930214537483e-01
-5.499535774908564933e-01
-5.487234523695436739e-01
-5.474503075613961212e-01
-5.461337078852919191e-01
-5.447733213972265620e-01
-5.433688333048400931e-01
-5.419199858361316569e-01
-5.404264721484898226e-01
-5.388745702876895916e-01
-5.372750682756833873e-01
-5.356340892264112030e-01
-5.339507558662757170e-01
-5.322232025117369369e-01
-5.304469217788229107e-01
-5.286196385464961844e-01
-5.267407902079783710e-01
-5.248104418554611073e-01
-5.228280851068989321e-01
-5.207933257734946864e-01
-5.187057472375460332e-01
-5.165737227785038854e-01
-5.143833065551387529e-01
-5.121417025110549526e-01
-5.098465619282421812e-01
-5.074982154183693694e-01
-5.050860355143329539e-01
-5.026257254215730219e-01
-5.001054679310461548e-01
-4.975255139463964915e-01
-4.948920110896156133e-01
-4.921819158487151791e-01
-4.894350555848754336e-01
-4.866285670802268370e-01
-4.837670082470412192e-01
-4.808469401166562962e-01
-4.778684253185688235e-01
-4.748315167223478017e-01
-4.717359888907463605e-01
-4.685816710049247602e-01
-4.653681635179434672e-01
-4.620953150989334235e-01
-4.587630135801104014e-01
-4.553711360839668987e-01
-4.519195774502555718e-01
-4.483958544153239245e-01
-4.448008719050309256e-01
-4.411533177679817230e-01
-4.374442739026007665e-01
-4.336581811182761426e-01
-4.298088984133325852e-01
-4.259035549666767562e-01
-4.219370879000284291e-01
-4.179279846350127392e-01
-4.138614318442560003e-01
-4.097310595958187918e-01
-4.055368852427888582e-01
-4.012728505956578151e-01
-3.969582839862110246e-01
-3.925843696440844965e-01
-3.881541051306907630e-01
-3.836672441179193593e-01
-3.791242654853718141e-01
-3.745257164816492290e-01
-3.698721899770107679e-01
-3.651643242320206095e-01
-3.604027931658863038e-01
-3.555883030806465395e-01
-3.507215897734290988e-01
-3.458034166934045306e-01
-3.408345734657329817e-01
-3.358158516748337985e-01
-3.307479079998945082e-01
-3.256309380353497596e-01
-3.204649308636656757e-01
-3.152518714150744916e-01
-3.099946467974303288e-01
-3.046923576035428516e-01
-2.993464752804294582e-01
-2.939578241162997818e-01
-2.885274018523911743e-01
-2.830545993416772044e-01
-2.775499047612914882e-01
-2.720044203847897801e-01
-2.664262838059387462e-01
-2.608200334983015733e-01
-2.551759841599604561e-01
-2.494854582330873760e-01
-2.437648075486375521e-01
-2.380110160248243567e-01
-2.322262331292853643e-01
-2.264112698911711075e-01
-2.205642253721812607e-01
-2.146869201734023791e-01
-2.087838471977001287e-01
-2.028529222269054300e-01
-1.968975583741252866e-01
-1.909245125266918475e-01
-1.849262901905637524e-01
-1.789067446818195795e-01
-1.728662286494114242e-01
-1.668060058868270079e-01
-1.607270976619595282e-01
-1.546305631349456089e-01
-1.485174009344722434e-01
-1.423885909538036842e-01
-1.362451002543687284e-01
-1.300878871426415506e-01
-1.239128789384150164e-01
-1.177281358477770268e-01
-1.115323529235944799e-01
-1.053270456543608236e-01
-9.911305222950592131e-02
-9.289138555669648745e-02
-8.666243989073707521e-02
-8.042796499428810086e-02
-7.418893771504167511e-02
-6.794524851302405355e-02
-6.169971752833582068e-02
-5.545616664049664302e-02
-4.921498398178940359e-02
-4.297134858728771101e-02
-3.672235307753869693e-02
-3.047545283741483202e-02
-2.422891902682339227e-02
-1.798482659275166262e-02
-1.174600460978682259e-02
-5.506920801596981718e-03
7.272476768085539556e-04
6.937652521173509612e-03
1.315697486287448204e-02
1.937113427786563147e-02
2.555691564678505556e-02
3.174379009346139924e-02
3.791986855522422317e-02
4.408652425332865166e-02
5.024257004900667400e-02
5.638641073397060444e-02
6.251708524194116157e-02
6.863371645964660983e-02
7.473651135513470489e-02
8.082136534023900976e-02
8.688857199738858617e-02
9.293897626386576905e-02
9.897155648499933456e-02
1.049874117739284241e-01
1.109843531396502714e-01
1.169616273986215371e-01
1.229181391466032114e-01
1.288526988858234024e-01
1.347636316157898861e-01
1.406497631730533882e-01
1.465084331538336060e-01
1.523545728924753095e-01
1.581679272899686461e-01
1.639612966673100747e-01
1.697321458164685049e-01
1.754785434364907748e-01
1.812102462699339278e-01
1.869088980108934983e-01
1.925671128272758992e-01
1.982010637513464957e-01
2.038084864562126897e-01
2.093782797098595605e-01
2.149194738047762732e-01
2.204283608286020102e-01
2.259042839279862824e-01
2.313613605180470656e-01
2.367863932747233946e-01
2.421769067577937973e-01
2.475314852880584615e-01
2.528502103218880359e-01
2.581317265403294536e-01
2.633750519241889743e-01
2.685794762744905806e-01
2.737447293114826374e-01
2.788707174551939838e-01
2.839569689695303767e-01
2.890029713236072495e-01
2.940080008685590496e-01
2.989654477710043112e-01
3.038818157753674365e-01
3.087481813537517050e-01
3.135773374378971745e-01
3.183628733422689816e-01
3.231054547082577444e-01
3.278038162729247640e-01
3.324573691055303093e-01
3.370654540820249290e-01
3.416273391997069475e-01
3.461424410911995708e-01
3.506101861919020402e-01
3.550299519970518958e-01
3.594012543755467082e-01
3.637232345135910094e-01
3.679940534487337045e-01
3.722163014926497260e-01
3.763870283358505264e-01
3.805061433885816302e-01
3.845729813674527153e-01
3.885827009373944985e-01
3.925420684122733483e-01
3.964469990062864380e-01
4.002978493675524718e-01
4.040849567883623150e-01
4.078206904236082453e-01
4.114998818007881698e-01
4.151227099545292121e-01
4.186884121298771189e-01
4.221965056778004821e-01
4.256464613923990337e-01
4.290377805332191707e-01
4.323699857180148820e-01
4.356425791445784346e-01
4.388551110685061651e-01
4.420070952488479032e-01
4.450980797915734533e-01
4.481276413967517636e-01
4.510952945694024496e-01
4.540006026864309430e-01
4.568431315113999913e-01
4.596224403611188225e-01
4.623380835243116049e-01
4.649896185045222508e-01
4.675766598409402119e-01
4.700987112571693993e-01
4.725553847852835831e-01
4.749462147379976962e-01
4.772708181784397485e-01
4.795288842661680206e-01
4.817198924892487355e-01
4.838435472833021445e-01
4.858994892114096853e-01
4.878872054002993952e-01
4.898065221278783410e-01
4.916569336593452633e-01
4.934381903955533666e-01
4.951499206420191257e-01
4.967917666335648352e-01
4.983634619879770966e-01
4.998646697031965402e-01
5.012950564487648197e-01
5.026543743498201877e-01
5.039422851498454037e-01
5.051585285933389846e-01
5.063028631294568260e-01
5.073749791890350691e-01
5.083746376566589120e-01
5.093016292077279239e-01
5.101556628356362921e-01
5.109365645925723065e-01
5.116440603332215176e-01
5.122779587218019293e-01
5.128380835559905870e-01
5.133241638092255199e-01
5.137360725448039123e-01
5.140736496382012355e-01
5.143366773494707500e-01
5.145250420527929247e-01
5.146385109754538778e-01
5.146769997737601354e-01
5.146403529258324339e-01
5.145284458212899814e-01
5.143411863326176059e-01
5.140784158352751376e-01
5.137399784606127007e-01
5.133259025133705133e-01
5.128359817385097497e-01
5.122702437890931382e-01
5.116285031553231555e-01
5.109107649615449720e-01
5.101169514580530251e-01
5.092470139307756494e-01
5.083008670223401193e-01
5.072785322766675264e-01
5.061799594051443751e-01
5.050051298176945203e-01
5.037539854605703749e-01
5.024265416409122720e-01
5.010227898820641679e-01
4.995427864822505892e-01
4.979865168236844442e-01
4.963540191995159390e-01
4.946452642750874817e-01
4.928603176313196554e-01
4.909992585748244043e-01
4.890620787568999983e-01
4.870488565331198005e-01
4.849597009797179670e-01
4.827945756056750692e-01
4.805536945348580780e-01
4.782370559146844613e-01
4.758447838205013269e-01
4.733769835502092960e-01
4.708337665028644592e-01
4.682153026144817431e-01
4.655216590839023061e-01
4.627530253232193802e-01
4.599095365173564987e-01
4.569914206037739568e-01
4.539988445327496347e-01
4.509320360738852118e-01
4.477911498434012927e-01
4.445764325551583851e-01
4.412881284090063305e-01
4.379264451382341994e-01
4.344916436279174787e-01
4.309839672004772693e-01
4.274036706787570639e-01
4.237510063559775664e-01
4.200262350939074629e-01
4.162295755444558321e-01
4.123706210964174224e-01
4.084363548749444517e-01
4.044318109819760032e-01
4.003565156749211429e-01
3.962110498165679617e-01
3.919956774224126472e-01
3.877108133904315634e-01
3.833620200563808700e-01
3.789425074863069787e-01
3.744550998881668313e-01
3.698995486745007000e-01
3.652750103587751873e-01
3.605854481484408458e-01
3.558287509528451631e-01
3.510060132222298512e-01
3.461174950443464682e-01
3.411636153440599228e-01
3.361447933268937316e-01
3.310614294749762987e-01
3.259138096493502390e-01
3.207026590904162311e-01
3.154284030160695584e-01
3.100916918307498049e-01
3.047055686402996288e-01
2.992610425518344996e-01
2.937570950275919524e-01
2.881941768681895999e-01
2.825744590257173727e-01
2.768986739827396515e-01
2.711683055347747229e-01
2.653841628452577872e-01
2.595465777541020036e-01
2.536555804139412063e-01
2.477113746058109411e-01
2.417140605873264181e-01
2.356626244735824383e-01
2.295598904090747627e-01
2.233945395474142281e-01
2.171806267963892201e-01
2.109201787648281590e-01
2.046133665618467545e-01
1.982593060979571664e-01
1.918609466923718587e-01
1.854273891543190000e-01
1.789550531774183328e-01
1.724187779786931496e-01
1.658438094115197159e-01
1.592236114130536895e-01
