-3.604834241252046212e-01
-3.632544669767447942e-01
-3.659644148053433632e-01
-3.686337762643199234e-01
-3.712050424193185094e-01
-3.736767565494325538e-01
-3.760542540270899181e-01
-3.783369879844533656e-01
-3.805239778050828470e-01
-3.826149076121252435e-01
-3.846095077317639443e-01
-3.865074871206024554e-01
-3.883085983854557277e-01
-3.900126395238134869e-01
-3.916194431762565209e-01
-3.931288707116915582e-01
-3.943897709418124897e-01
-3.955647157916803991e-01
-3.966886691706630330e-01
-3.976961979160669181e-01
-3.985898482329437442e-01
-3.993756738055500577e-01
-4.000527750853075659e-01
-4.006202263691123200e-01
-4.010778742704586008e-01
-4.013972921598529808e-01
-4.016252319714435082e-01
-4.017428077403111253e-01
-4.017473606536081654e-01
-4.016408393900978702e-01
-4.014520012984168496e-01
-4.011336489202270705e-01
-4.007045616759064011e-01
-4.001674598425091212e-01
-3.995204884537346679e-01
-3.987636299248360494e-01
-3.978972864010263955e-01
-3.969216802365429508e-01
-3.958370198033267506e-01
-3.946435542782031902e-01
-3.933415545058740470e-01
-3.920860454132499839e-01
-3.906994602147637607e-01
-3.891491807910423262e-01
-3.875051044919368692e-01
-3.857641238810813888e-01
-3.839199104134589646e-01
-3.819736276725911317e-01
-3.799264974056995037e-01
-3.777789935977375890e-01
-3.755316265998986935e-01
-3.731850379906527237e-01
-3.707406892562552514e-01
-3.681995368863102414e-01
-3.655617248739306824e-01
-3.628280230161022857e-01
-3.599992436137395835e-01
-3.570761695593369645e-01
-3.540596078002593572e-01
-3.509510871089589479e-01
-3.477511461040818652e-01
-3.444604412643141877e-01
-3.410800002250549134e-01
-3.376107690830814079e-01
-3.340537007824613269e-01
-3.304097862528068141e-01
-3.266800412119317265e-01
-3.228655023457345230e-01
-3.189672262833425087e-01
-3.149862877122111549e-01
-3.109372634987792594e-01
-3.068387830145389295e-01
-3.022014923245111007e-01
-2.977448961763826674e-01
-2.932378370511217192e-01
-2.886186402098553927e-01
-2.839161314608795728e-01
-2.791425193946097671e-01
-2.743708468577339410e-01
-2.695585865493086430e-01
-2.645824291856713195e-01
-2.595111799539973063e-01
-2.543898670723265809e-01
-2.491581630789361235e-01
-2.438229310361932356e-01
-2.383727846748033841e-01
-2.329151377693863267e-01
-2.273449773222764314e-01
-2.216881019551566467e-01
-2.159498168019680087e-01
-2.101910212083755169e-01
-2.043304913499000008e-01
-1.984082915727545249e-01
-1.924845810966404613e-01
-1.865386283280021651e-01
-1.804641264251114485e-01
-1.743327035389525825e-01
-1.681571997906905480e-01
-1.619345486911920595e-01
-1.556520721288787712e-01
-1.493236328057361284e-01
-1.429504002695867193e-01
-1.365336527305247571e-01
-1.300764414896318222e-01
-1.235822805453263840e-01
-1.170535943573369764e-01
-1.104928948873413752e-01
-1.039035875304823442e-01
-9.728916813593713186e-02
-9.065354705809314240e-02
-8.400173939935662304e-02
-7.729206591727777464e-02
-7.059149611152060189e-02
-6.384415092818063187e-02
-5.707433020648622346e-02
-5.023282171569398713e-02
-4.335264151047724113e-02
-3.653515538930829365e-02
-2.973858853829725035e-02
-2.301959510126350139e-02
-1.620882262819201003e-02
-9.404849536099213481e-03
-2.699241475522917710e-03
4.134551665585295410e-03
1.118459786238412690e-02
1.807538757711801836e-02
2.494061627299215544e-02
3.175951802309429084e-02
3.858806891220734059e-02
4.532013298474923957e-02
5.208326710796518100e-02
5.882573446408256856e-02
6.553444691826770807e-02
7.222106369506375856e-02
7.895992925880124247e-02
8.563667226372251307e-02
9.226433975226910889e-02
9.887090423805755535e-02
1.054537803424615561e-01
1.120204646194435938e-01
1.185254662385899493e-01
1.250397900224369252e-01
1.315529999127029726e-01
1.378470468708608010e-01
1.442949323253261973e-01
1.506337001701765210e-01
1.568324780375065508e-01
1.630450794521554059e-01
1.692284172322624514e-01
1.753967239991927052e-01
1.813779126658023877e-01
1.874037799004804050e-01
1.934184774392297967e-01
1.993225512510696795e-01
2.051209109940916875e-01
2.108727657435509606e-01
2.166241810603168894e-01
2.222807425674933057e-01
2.278648289863203225e-01
2.333711146017587446e-01
2.387983736375947075e-01
2.441622303907013958e-01
2.494641078990587069e-01
2.546918605286743187e-01
2.598315738905894179e-01
2.648867859893342391e-01
2.698578011422019252e-01
2.747455134196954418e-01
2.795470717942598604e-01
2.842630572656164034e-01
2.888933625007545913e-01
2.934354441561435323e-01
2.978877292596724402e-01
3.022476879259787808e-01
3.066772443298448891e-01
3.108937125927022649e-01
3.150191692768053997e-01
3.190576955447612661e-01
3.229987975360684160e-01
3.268392814785419098e-01
3.305833189220237500e-01
3.342280833473800783e-01
3.377731045250538244e-01
3.412182423569385392e-01
3.445626675161115315e-01
3.478055501796850635e-01
3.509462826937737034e-01
3.539839950975349758e-01
3.569180768207007581e-01
3.597480824746797090e-01
3.624731676808092828e-01
3.650923964008123690e-01
3.676050552302685404e-01
3.700113243717173539e-01
3.723098615252338206e-01
3.745359953295186450e-01
3.766230995025634520e-01
3.786003579993311163e-01
3.804682975381856735e-01
3.822236994975822810e-01
3.838660937373452597e-01
3.853949903820677036e-01
3.868097155697785006e-01
3.881102594479570733e-01
3.892956788065111695e-01
3.903659208444687501e-01
3.913205236774728313e-01
3.921593040935635877e-01
3.928818693995088651e-01
3.934876552753485690e-01
3.939769878951411286e-01
3.943494558630589175e-01
3.946049034642165054e-01
3.947430873362152148e-01
3.947643749986409212e-01
3.946683562878985363e-01
3.944551365207722426e-01
3.941247848831528344e-01
3.936773680405964981e-01
3.931130013318560046e-01
3.924320165190180454e-01
3.916343332580058956e-01
3.907202910923688322e-01
3.896903109068965421e-01
3.885445651254686439e-01
3.872834152283695097e-01
3.859073155711740810e-01
3.844161151658971320e-01
3.828104240523524382e-01
3.810905908698702937e-01
3.792568951199939420e-01
3.773098018813008103e-01
3.752497495902598068e-01
3.730771969097874674e-01
3.707427926846689203e-01
3.683250055584914584e-01
3.657923599331458497e-01
3.631437523161524794e-01
3.603824917870692701e-01
3.575092380765525490e-01
3.545244515044450040e-01
3.514297204364256189e-01
3.482254050669784107e-01
3.449133068794814072e-01
3.414946514512156028e-01
3.379711801971905238e-01
3.343447589372852136e-01
3.306166212565044837e-01
3.267885099419554074e-01
3.228639105137371956e-01
3.188415559796315968e-01
3.147239748392842706e-01
3.105117056068227299e-01
3.060346134687765840e-01
3.015743457457649157e-01
2.970124680717645127e-01
2.923436195143649385e-01
2.875805417673129583e-01
2.827254591903738401e-01
2.777806013153076847e-01
2.727486360736453008e-01
2.676301687016584552e-01
2.624286184903938945e-01
2.571417462375071850e-01
2.517650962107333967e-01
2.462923295292678283e-01
2.407366499979635144e-01
2.351145104311327394e-01
2.294340738710749505e-01
2.236574690596935255e-01
2.178047800621314423e-01
2.118763754348749195e-01
2.058730770598153903e-01
1.997976741720837168e-01
1.936851233676644135e-01
1.874826975066752333e-01
1.811534743106055778e-01
1.747805273449394292e-01
1.684248957843887951e-01
1.619153210335615434e-01
1.553596829855603545e-01
1.487956119348536888e-01
1.422541613628411916e-01
1.355824872797750658e-01
1.287524509673017015e-01
1.220823223448199712e-01
1.152315740543401468e-01
1.083304623760299457e-01
1.014297501454288764e-01
9.446259656966926599e-02
8.746584720283978598e-02
8.044221950311936098e-02
7.336738585320512485e-02
6.626018379327369701e-02
5.905072744759332082e-02
5.190000813543127478e-02
4.470675412104618829e-02
3.750599818084632275e-02
3.035783139690417798e-02
2.320388934666883785e-02
1.599345708412380773e-02
8.778457827804952984e-03
1.556277259143978853e-03
-5.683281705044063159e-03
-1.315945195449064187e-02
-2.031433206301258565e-02
-2.777073886761227683e-02
-3.504156266695046540e-02
-4.229940200623616420e-02
-4.949486981313899747e-02
-5.667199397992428445e-02
-6.389149441651387207e-02
-7.116266141120508593e-02
-7.839797757105548826e-02
-8.560527537439410750e-02
-9.280161186385660343e-02
-9.997698425147216739e-02
-1.070950034789102112e-01
-1.141636617241705842e-01
-1.212210943997780177e-01
-1.282412019800656111e-01
-1.352238959810101449e-01
-1.421700847931606226e-01
-1.490778538721757585e-01
-1.559453046173020496e-01
-1.627704805237648600e-01
-1.695509852512566695e-01
-1.762843702086822617e-01
-1.829679457329271841e-01
-1.895953774657770374e-01
-1.961782235747890901e-01
-2.027162878219495035e-01
-2.092023548537782496e-01
-2.155450461142818241e-01
-2.218624831342559389e-01
-2.281099924035467907e-01
-2.342899927795047965e-01
-2.404344903486026475e-01
-2.465137942431483431e-01
-2.524773686725394484e-01
-2.584478665555440813e-01
-2.643301272871174668e-01
-2.701742179070141248e-01
-2.759630275505173813e-01
-2.816563581639086600e-01
-2.873164171443360893e-01
-2.928836971931430000e-01
-2.986762098264992282e-01
-3.041988808693600888e-01
-3.096365798017983728e-01
-3.150207783585261545e-01
-3.203300535909097135e-01
-3.254970124468479220e-01
-3.305585902513663576e-01
-3.355655269879500580e-01
-3.404984037900842253e-01
-3.453399699865058459e-01
-3.500928004005565697e-01
-3.547583396634350628e-01
-3.593344853334405897e-01
-3.638195228118066282e-01
-3.682127073828169728e-01
-3.725130280354225221e-01
-3.767197495461407364e-01
-3.808324335466624078e-01
-3.848504951327709200e-01
-3.887736720659198397e-01
-3.926019687578952144e-01
-3.963356812050444766e-01
-3.999754763585046113e-01
-4.035111241414237604e-01
-4.069658788182479725e-01
-4.103300366801923005e-01
-4.132972968858794616e-01
-4.162243231764688467e-01
-4.191395006491109854e-01
-4.219742570267381865e-01
-4.246410561734492717e-01
-4.271937745362266448e-01
-4.296358231392836124e-01
-4.319600635492455432e-01
-4.341656429826468155e-01
-4.362526068386092248e-01
-4.382208997233454362e-01
-4.400695251347017667e-01
-4.417730825526726690e-01
-4.433015902797596830e-01
-4.447543934280946409e-01
-4.460828986076594838e-01
-4.472817554000703133e-01
-4.483556630664473630e-01
-4.493045489423170835e-01
-4.501274953188767469e-01
-4.508241422635128615e-01
-4.513942344611368007e-01
-4.518374898472483636e-01
-4.521536499583200808e-01
-4.523424927153536501e-01
-4.524038278986148853e-01
-4.523374973919565001e-01
-4.521433776709899988e-01
-4.518213811285294312e-01
-4.513714587413737434e-01
-4.507936014601279240e-01
-4.500878432261683493e-01
-4.492542628638620528e-01
-4.482929868938145823e-01
-4.472041921102536399e-01
-4.459881088082529033e-01
-4.446450229463638770e-01
-4.431752797712884551e-01
-4.416041002086297240e-01
-4.399606573422745193e-01
-4.381458624890122167e-01
-4.362090877373359099e-01
-4.341553140759524254e-01
-4.319800301223053474e-01
-4.296836003548167859e-01
-4.272672413065072838e-01
-4.249094592698603456e-01
-4.223524849314692631e-01
-4.194788406583551676e-01
-4.165853285122840255e-01
-4.136070912932763299e-01
-4.105011671962328634e-01
-4.074974244943514456e-01
-4.043091387214676757e-01
-4.009588126330454472e-01
-3.974952071857535962e-01
-3.939326667280984573e-01
-3.902632570213810936e-01
-3.864952241898231833e-01
-3.826169064706830270e-01
-3.786357700727229769e-01
-3.745536838783745104e-01
-3.703712656365447664e-01
-3.660897365549993232e-01
-3.617104177708907464e-01
-3.572345679319588463e-01
-3.526634407938873395e-01
-3.479983000784314662e-01
-3.432404123966028564e-01
-3.383913711333268459e-01
-3.334541200249780957e-01
-3.284283647323187338e-01
-3.233411376287729233e-01
-3.182270014559214211e-01
-3.130583178678296719e-01
-3.077568121103735344e-01
-3.023793282750473210e-01
-2.969354497044389696e-01
-2.914175311590239126e-01
-2.854917857946643878e-01
-2.796729133025634972e-01
-2.737621390832121193e-01
-2.677571959576776628e-01
-2.616273506425921269e-01
-2.554386316788388456e-01
-2.491543216765106372e-01
-2.428058625036619844e-01
-2.363526505313320314e-01
-2.298185748156762465e-01
-2.232012191613832464e-01
-2.165740763851990991e-01
-2.098726918396569552e-01
-2.032792690079325837e-01
-1.965019375360839149e-01
-1.895000898230598807e-01
-1.825540772821772073e-01
-1.755604214524808526e-01
-1.685001151043787893e-01
-1.613851905646823681e-01
-1.542189644047287089e-01
-1.470027516981717852e-01
-1.397397129506150470e-01
-1.324330747951867338e-01
-1.250863160497299731e-01
-1.177034493529252046e-01
-1.103866288374968363e-01
-1.029416096804980363e-01
-9.545380370001099735e-02
-8.800351476152190600e-02
-8.048703906645915396e-02
-7.293612096550550206e-02
-6.536150278784891299e-02
-5.771745670308670029e-02
-5.000614367972566754e-02
-4.235705807384704258e-02
-3.479476458884089851e-02
-2.723754953564005987e-02
-1.961413114598897778e-02
-1.202458170640952062e-02
-4.480393163586615657e-03
3.109174352360355442e-03
1.059313444926024417e-02
1.864211258270698224e-02
2.627790596810974932e-02
3.389972115494988003e-02
4.155227400215322220e-02
4.909070158375872239e-02
5.663939929448913446e-02
6.417072677791635371e-02
7.170696037453883065e-02
7.918545999722370610e-02
8.673204248044275033e-02
9.420746644622335353e-02
1.016338058745338557e-01
1.090334220828648171e-01
1.164070358774060843e-01
1.237638574856809726e-01
1.310555430837485602e-01
1.383604647601415216e-01
1.456688040040750032e-01
1.527240186067015948e-01
1.599578185713053102e-01
1.670646624089551224e-01
1.740166677771735060e-01
1.809455061230198503e-01
1.879228732106872357e-01
1.948306315600376593e-01
2.015506736088150674e-01
2.083194053177885863e-01
2.150820606829997317e-01
2.216750163620146985e-01
2.282408966504063663e-01
2.347174679744639114e-01
2.411520691052215781e-01
2.475078742134328991e-01
2.537878241393292100e-01
2.599890716681327874e-01
2.660893714723471248e-01
2.721149278954344553e-01
2.780711676343443628e-01
2.839524564614710478e-01
2.897454646522934496e-01
2.954446569330642092e-01
3.010431035863643245e-01
3.065480106844273855e-01
3.119598314183016363e-01
3.172734777008878737e-01
3.224908612926293827e-01
3.276107875505935851e-01
3.326318164251875764e-01
3.375518169464188922e-01
3.423682527738103332e-01
3.470788718883586199e-01
3.516818823309382225e-01
3.563034411134644586e-01
3.606100987704512484e-01
3.648923365535745589e-01
3.692263722944502113e-01
3.733263132037381027e-01
3.773190443458247501e-01
3.812087565722022120e-01
3.849846277435804431e-01
3.887392916700105339e-01
3.923174029889406889e-01
3.957833556686707333e-01
3.991400732595478118e-01
4.023810459276817575e-01
4.055054116672978104e-01
4.085126948943598180e-01
4.114014853456637866e-01
4.141711710583457773e-01
4.168205723758000580e-01
4.193489522136650827e-01
4.217553068220967205e-01
4.240389171096130561e-01
4.261989735673239466e-01
4.282347265699777417e-01
4.301455515261682905e-01
4.319306394382604886e-01
4.335893933538632616e-01
4.351214193040977563e-01
4.365259869944999593e-01
4.378026795958502859e-01
4.389509592084772649e-01
4.399707127276699659e-01
4.408611701122686632e-01
4.416224664430696834e-01
4.422540004303625594e-01
4.427558003627209970e-01
4.431274452563767063e-01
4.433690895724122782e-01
4.434804681876451937e-01
4.434615715625267462e-01
4.433124045707259597e-01
4.430329670367014749e-01
4.426235013704986621e-01
4.420836845493920642e-01
4.414141813473047016e-01
4.406149046937519742e-01
4.396859632982583754e-01
4.386276899388361628e-01
4.374404707528385394e-01
4.361245693776676369e-01
4.346803468093902723e-01
4.331079326782911743e-01
4.314079845972473848e-01
4.295806846730920725e-01
4.276266486029158820e-01
4.255462589770688808e-01
4.233400146498080829e-01
4.210084482881422119e-01
4.185520806178844033e-01
4.159714288914706515e-01
4.132671129042324587e-01
4.104398639873427790e-01
4.074900517124082633e-01
4.044188821771110831e-01
4.012267637912416696e-01
3.979150788667382699e-01
3.944846352028950065e-01
3.909366965043328257e-01
3.870888635350202556e-01
3.832472011300374071e-01
3.793798628844839982e-01
3.753223925446826925e-01
3.709973887332362885e-01
3.666656754983153021e-01
3.622120803692174817e-01
3.576367889234597364e-01
3.531051961294013886e-01
3.481960705845570381e-01
3.432897657677771441e-01
3.382764612125952475e-01
3.331433238596619439e-01
3.279022174377579368e-01
3.225564301647549925e-01
3.171089686971737542e-01
3.115620350263217375e-01
3.059171979838857247e-01
3.001774691966421216e-01
2.943509080998469862e-01
2.884173468025563736e-01
2.823374677266698995e-01
2.761860402623894650e-01
2.699376545535416838e-01
2.635864870017767814e-01
2.571387029795926260e-01
2.506054238236861131e-01
2.439976512231734063e-01
2.373233127132006182e-01
2.306002393460602207e-01
2.237873977460940189e-01
2.169328016609077814e-01
2.099521955994299027e-01
2.028650704313088582e-01
1.957280092612725397e-01
1.886492108310213744e-01
1.813427438095680522e-01
1.739395552422471347e-01
1.665678490573094805e-01
1.592113425038692576e-01
1.517408039854197810e-01
1.440861410769538331e-01
1.366381386754498273e-01
1.289540987770685376e-01
1.212125047420173907e-01
1.134812901458577272e-01
1.056700891560318212e-01
9.782811250685741200e-02
8.995811146755983145e-02
8.204967280961383835e-02
7.409130946352693314e-02
6.602290034652913420e-02
5.802128673478623710e-02
4.994003295317828162e-02
4.187752521104615155e-02
3.389163301543973716e-02
2.587586812487119303e-02
1.780800098547219434e-02
9.729381330094266644e-03
1.655318107762759894e-03
-6.469991517865203434e-03
-1.479881376928826597e-02
-2.280402028432959582e-02
-3.112661734393729063e-02
-3.926729133654749404e-02
-4.738597785114251337e-02
-5.542554858805859297e-02
-6.344933206474223653e-02
-7.151370036430293453e-02
-7.962646978267162723e-02
-8.771651495866628068e-02
-9.576626706879487472e-02
-1.038030296618352999e-01
-1.118175894520478941e-01
-1.197476791434741727e-01
-1.277082404038796248e-01
-1.356408219156457484e-01
-1.435382521604910977e-01
-1.514030547993669984e-01
-1.591927593908146754e-01
-1.669759978845859472e-01
-1.747177522134424343e-01
-1.824129596079107074e-01
-1.900614166136618266e-01
-1.976597723977739918e-01
-2.052038796694617417e-01
-2.126904943386840330e-01
-2.201264224125103475e-01
-2.274973782348159723e-01
-2.348213379429373582e-01
-2.418882252684846357e-01
-2.490717072529560205e-01
-2.561002720512064457e-01
-2.632240701728507659e-01
-2.701246490689057644e-01
-2.769776405548767251e-01
-2.838206883249263512e-01
-2.905363455544671680e-01
-2.972063962782369728e-01
-3.038687108102546830e-01
-3.108056538360468579e-01
-3.174043595265652051e-01
-3.239212372511528493e-01
-3.303924900629331418e-01
-3.366865798892528794e-01
-3.428612573101843530e-01
-3.489889440997799852e-01
-3.550544888015121359e-01
-3.610258305158238201e-01
-3.669072983673040689e-01
-3.727006489566386804e-01
-3.784045447735064904e-01
-3.840094785250096621e-01
-3.895290252804644027e-01
-3.949588852473993050e-01
-4.002997163176118534e-01
-4.056418467373426040e-01
-4.107475976650944993e-01
-4.158605186921171537e-01
-4.207305917177528443e-01
-4.255477226280794945e-01
-4.302013495591978653e-01
-4.347993451372778040e-01
-4.392803273529581887e-01
-4.436482023764716232e-01
-4.479038781307771444e-01
-4.520467581084721687e-01
-4.560753736233862377e-01
-4.599884957247581951e-01
-4.637850304458686068e-01
-4.674639106798919030e-01
-4.710240856302805312e-01
-4.744645359137447116e-01
-4.777842750999372612e-01
-4.807923355001140209e-01
-4.837597968557352246e-01
-4.866307393981448293e-01
-4.893589827592981223e-01
-4.919530835678189717e-01
-4.944167847464284726e-01
-4.967482522933384104e-01
-4.989175013613826870e-01
-5.008987845914858461e-01
-5.027975142823004617e-01
-5.045614450500455206e-01
-5.061845097411703520e-01
-5.080340628001005499e-01
-5.095437141436645057e-01
-5.106886339167839850e-01
-5.118634455740891376e-01
-5.129150231806103299e-01
-5.138139539565202973e-01
-5.145772070612615323e-01
-5.152072356554158183e-01
-5.157019049466167182e-01
-5.160608304807747793e-01
-5.162841301748199996e-01
-5.163717649090977524e-01
-5.163236797617818397e-01
-5.161398588034118440e-01
-5.158202914792124893e-01
-5.153649446067487538e-01
-5.147737322299077434e-01
-5.140464691348682891e-01
-5.131827997397166996e-01
-5.121820931529588172e-01
-5.110432833775000461e-01
-5.097662690702708943e-01
-5.085241718742317119e-01
-5.070708404914809897e-01
-5.055045647749034643e-01
-5.038483492497149996e-01
-5.016205560826589860e-01
-4.994305516044170723e-01
-4.971809995762836998e-01
-4.947672106084732846e-01
-4.922370452080468972e-01
-4.896298075672231853e-01
-4.868375863852341112e-01
-4.839114882737751699e-01
-4.808582579381042166e-01
-4.778628021853670305e-01
-4.746523546078411648e-01
-4.712841764245991882e-01
-4.678046553974541943e-01
-4.642050583782997286e-01
