-2.414363811273765315e-01
-2.368640808457764813e-01
-2.321491243028530604e-01
-2.273295422891186135e-01
-2.224880451306874285e-01
-2.174115716814948307e-01
-2.122111128912420597e-01
-2.069194734760346766e-01
-2.015145373361408865e-01
-1.959961697423129312e-01
-1.903708746155565734e-01
-1.846622453490553983e-01
-1.788359765214422303e-01
-1.729202955534558939e-01
-1.669239495636736237e-01
-1.608521400296756276e-01
-1.547156177670423460e-01
-1.484541054030568130e-01
-1.421379664722659530e-01
-1.357493934261140289e-01
-1.292870175988700687e-01
-1.227602266678573528e-01
-1.161708360662154771e-01
-1.095118524239737656e-01
-1.028023193781726352e-01
-9.603933940932130042e-02
-8.922520327686989106e-02
-8.236294082023265517e-02
-7.545401981127741742e-02
-6.849909752408733787e-02
-6.149910539726599623e-02
-5.446655720976134596e-02
-4.740612989432868574e-02
-4.038120970693936940e-02
-3.342304558117037416e-02
-2.637649120036567041e-02
-1.932078218131993985e-02
-1.222927611960722416e-02
-5.022895204362498589e-03
2.104084505445413811e-03
9.091562611333259269e-03
1.622542701137152932e-02
2.329245117506761886e-02
3.038137780860794557e-02
3.746476630859696400e-02
4.447057971105272678e-02
5.138424827127741068e-02
5.829872781106515411e-02
6.515708142658338531e-02
7.199676884692207679e-02
7.880645364778127160e-02
8.558305390660869705e-02
9.231822309900183932e-02
9.898032011222412940e-02
1.055836089708430681e-01
1.121299678354772400e-01
1.186218521363902045e-01
1.250295651584232282e-01
1.313463058151287388e-01
1.376106590434633681e-01
1.438317683331344909e-01
1.498954414733506546e-01
1.558845886991944152e-01
1.618997686213439202e-01
1.674268388945301389e-01
1.730719972546759244e-01
1.786044619110671583e-01
1.840072316978651479e-01
1.894281322992097394e-01
1.945772269131351706e-01
1.996938584360843372e-01
2.046046803490948474e-01
2.093765881834226406e-01
2.139765640240298694e-01
2.186228624322228420e-01
2.230912619817637665e-01
2.274203967003547433e-01
2.316268749028462803e-01
2.357029550239078119e-01
2.396413167208164552e-01
2.434350214188469863e-01
2.470802596208021562e-01
2.505748235952669489e-01
2.539191123089947766e-01
2.571133655490371872e-01
2.601590659824302154e-01
2.630587308925986800e-01
2.658113557702483920e-01
2.684147623313200004e-01
2.708677467058926425e-01
2.731686501618812990e-01
2.753154691932293563e-01
2.773060853164996953e-01
2.791385678060418485e-01
2.808127997668758979e-01
2.823280712762046285e-01
2.838944159469254380e-01
2.851701671187973908e-01
2.862955022512880809e-01
2.872792214751145323e-01
2.881084165652139095e-01
2.887834478747093314e-01
2.893053134246703628e-01
2.896739080207386685e-01
2.898892598854705405e-01
2.899515688135787528e-01
2.898611036116469641e-01
2.896182103616244952e-01
2.892233201718286129e-01
2.886769471340637772e-01
2.879796850449334311e-01
2.871322030850347318e-01
2.861352406225978751e-01
2.849895993625968238e-01
2.836961330967102679e-01
2.820419740693518307e-01
2.803678378186533759e-01
2.785357448801792923e-01
2.765366018204509224e-01
2.743815981508976876e-01
2.720699687082666074e-01
2.696011742995669813e-01
2.669763172320087641e-01
2.641971477732805162e-01
2.612661070201109936e-01
2.581878677852709192e-01
2.549690436884768374e-01
2.516123613485392596e-01
2.481196235364766522e-01
2.444918625886898234e-01
2.407271864820879070e-01
2.368232881636336273e-01
2.327766772703483422e-01
2.285880149226304781e-01
2.242587481966786811e-01
2.197879448044990358e-01
2.151714912568072346e-01
2.103126495193574641e-01
2.054664235071266276e-01
2.005054829587189502e-01
1.954504748665648606e-01
1.902189715212760923e-01
1.849284370914596742e-01
1.793845354063341446e-01
1.738351072387898100e-01
1.681612138862313977e-01
1.623904102488231693e-01
1.567356859017219328e-01
1.508092119298136691e-01
1.448018497045180375e-01
1.388094580920009591e-01
1.327493526288683334e-01
1.265606060072379524e-01
1.203068634857085151e-01
1.139983748466100177e-01
1.076397370386477093e-01
1.011985280184390934e-01
9.470862409845004493e-02
8.817122266805643704e-02
8.158493646304432190e-02
7.492035515339456886e-02
6.819728219908616218e-02
6.143411975407442327e-02
5.464897656572431650e-02
4.790372978593193665e-02
4.106269024706232784e-02
3.429582580235801537e-02
2.753182957075117621e-02
2.067419984127094601e-02
1.380064071257902647e-02
6.794414780514568264e-03
-7.886425317882306274e-05
-6.897814020695225423e-03
-1.371211415245365828e-02
-2.053526826393925475e-02
-2.747921115410756343e-02
-3.436690954977406065e-02
-4.119023880132588467e-02
-4.800490396871692766e-02
-5.472586934070511333e-02
-6.137439821986778732e-02
-6.801462343194475402e-02
-7.462618745855187363e-02
-8.117835969422881881e-02
-8.772413196465134178e-02
-9.420463527792710678e-02
-1.006208475190462082e-01
-1.069773997535392596e-01
-1.132692197056077710e-01
-1.194917682797282943e-01
-1.256480346781929658e-01
-1.317229718622139334e-01
-1.377181959386903909e-01
-1.436306274921850257e-01
-1.494563865361526744e-01
-1.551922724575045542e-01
-1.608328834229781901e-01
-1.663724561109127809e-01
-1.718449261040910780e-01
-1.771648063606694468e-01
-1.823755334604459932e-01
-1.874770095068380993e-01
-1.924622941419480426e-01
-1.973327071825803358e-01
-2.021615270356480476e-01
-2.068176292029335617e-01
-2.112811929811673206e-01
-2.156466899573628027e-01
-2.198928912944309033e-01
-2.240014875194249466e-01
-2.279772213405566461e-01
-2.318335189797091633e-01
-2.356137405330123169e-01
-2.392353244260938538e-01
-2.426083746992471202e-01
-2.458511265429408343e-01
-2.489808718284938216e-01
-2.519464334374952319e-01
-2.548027058664701361e-01
-2.575052396020287571e-01
-2.600474600359232724e-01
-2.625081967103228830e-01
-2.647880451961275305e-01
-2.669370173620935205e-01
-2.689226736745367052e-01
-2.707636831969844060e-01
-2.724505009121933607e-01
-2.741529354674270280e-01
-2.756844912099774003e-01
-2.770184803322894851e-01
-2.782195473366910754e-01
-2.792818693685066300e-01
-2.801991628834734627e-01
-2.809722183504739235e-01
-2.816013947650557459e-01
-2.820864162430924971e-01
-2.824271465538044090e-01
-2.826235609379805780e-01
-2.826756742727283278e-01
-2.825835506566329869e-01
-2.823473112479579772e-01
-2.819671327343988843e-01
-2.814432468911536311e-01
-2.807759411566628227e-01
-2.799655575466015733e-01
-2.790124928023360873e-01
-2.779171975413718965e-01
-2.766801865221617529e-01
-2.753020355726167878e-01
-2.737833716632047665e-01
-2.721248781948661932e-01
-2.703272944609922401e-01
-2.682232256984968810e-01
-2.659983726266696991e-01
-2.636848476760611515e-01
-2.611793310337326979e-01
-2.585345377840808645e-01
-2.556850761060438515e-01
-2.527191832684976269e-01
-2.495884078017454044e-01
-2.463191106658224605e-01
-2.428962559824248135e-01
-2.393648580407656823e-01
-2.357590901161876751e-01
-2.319841461241880509e-01
-2.280271005730762912e-01
-2.239269146861233573e-01
-2.197175103757724735e-01
-2.153802720388795500e-01
-2.109347941500856471e-01
-2.063611442662847129e-01
-2.016671016706523822e-01
-1.969295178949923564e-01
-1.920243354332173968e-01
-1.869434211297322790e-01
-1.818178103363934373e-01
-1.765924918931183196e-01
-1.712719345083266731e-01
-1.658703837599173614e-01
-1.603372099536239936e-01
-1.547324083397971783e-01
-1.490411457242690751e-01
-1.432640481305582636e-01
-1.374067609454934225e-01
-1.314727465422969033e-01
-1.254654471605773924e-01
-1.193884420059714291e-01
-1.132452946319304488e-01
-1.070395184532360044e-01
-1.007652207680418410e-01
-9.443823336460877016e-02
-8.805635479141060706e-02
-8.162137418033332814e-02
-7.509077759389692908e-02
-6.853334283975698327e-02
-6.195096867656579853e-02
-5.531671153368078464e-02
-4.868211187818571872e-02
-4.208719250688575109e-02
-3.550683484285688252e-02
-2.885320715253603119e-02
-2.218744052500509767e-02
-1.550750866234773540e-02
-8.698107380771702424e-03
-2.027796010215521250e-03
4.714669071553823088e-03
1.127796637420597214e-02
1.814941179187612441e-02
2.483244984950161438e-02
3.153559840903286116e-02
3.826917103018123711e-02
4.495013257463975620e-02
5.154418782434389001e-02
5.809034744036623010e-02
6.466243818326167236e-02
7.110160172492663300e-02
7.754001372904384404e-02
8.396588758076783954e-02
9.035093920481629404e-02
9.669931366423645258e-02
1.029721948651862728e-01
1.091858601892830016e-01
1.153404170222067648e-01
1.214350337301657312e-01
1.274714899055751083e-01
1.334220849666265529e-01
1.393129340365866220e-01
1.451275425439604305e-01
1.508960986171357099e-01
1.565294379583801465e-01
1.620521003464125975e-01
1.674581528925742635e-01
1.728408514174346600e-01
1.780865803857021312e-01
1.829922757467588035e-01
1.879633043809663118e-01
1.928053625693881834e-01
1.975164220063090337e-01
2.021106211456094037e-01
2.067141077171439356e-01
2.110431987026610834e-01
2.153580360401052829e-01
2.194440402992459127e-01
2.233912376838316227e-01
2.270743405529642711e-01
2.307480724169630459e-01
2.342671505105498042e-01
2.377593212140400869e-01
2.410646333251695861e-01
2.442273728419366297e-01
2.472586536877057206e-01
2.501517033505415988e-01
2.529045712006829927e-01
2.555164658493807028e-01
2.579845286373463331e-01
2.603080720281043536e-01
2.624831744755833363e-01
2.645083840892992200e-01
2.663824484824366401e-01
2.681042299758487069e-01
2.696724217859525208e-01
2.710861371459150071e-01
2.723449871233982744e-01
2.734483776464049498e-01
2.743958252833811340e-01
2.751869680142249308e-01
2.758215293313026617e-01
2.762993140943139636e-01
2.766202177542265161e-01
2.767842273106371209e-01
2.767914304909862011e-01
2.766420205852158087e-01
2.763363048921068099e-01
2.758747083479868856e-01
2.752577735932431047e-01
2.744861557734334934e-01
2.735606140349524651e-01
2.724819919868726181e-01
2.712511930552206074e-01
2.698691553123615527e-01
2.683367948734016739e-01
2.666545031159581747e-01
2.648227140244996392e-01
2.628419234271526239e-01
2.607119730911970912e-01
2.584327657540399503e-01
2.560025741152600620e-01
2.534228733754972929e-01
2.506931819096736014e-01
2.478139790917033292e-01
2.447852201766103075e-01
2.416062851937001987e-01
2.382756055195094369e-01
2.347909346976981837e-01
2.310430098553837297e-01
2.272170140136480221e-01
2.232412234079639290e-01
2.192961400974320352e-01
2.151499266232732577e-01
2.109144206725059867e-01
2.064604127214653140e-01
2.019562206017604389e-01
1.971769839328607610e-01
1.923878536564538333e-01
1.874591463990804563e-01
1.824075744070532412e-01
1.772597826619592976e-01
1.722205084057735203e-01
1.669524268466220374e-01
1.614958083876270045e-01
1.560629989997468492e-01
1.505662281386099810e-01
1.449818665820787889e-01
1.392768070111833900e-01
1.335009569710079447e-01
1.276561558629492055e-01
1.217390230134003382e-01
1.157603612822339922e-01
1.097029418902002451e-01
1.035881712634045826e-01
9.741928561813528731e-02
9.119650274121648970e-02
8.489077935165689759e-02
7.853749748958849253e-02
7.211570847103754289e-02
6.565211508285617725e-02
5.924041543858926673e-02
5.272861280890528413e-02
4.619552579682628668e-02
3.971978792807551173e-02
3.324218712719573254e-02
2.669869261908774938e-02
2.011632530215057280e-02
1.350956378774159639e-02
6.868642861319385062e-03
2.477924912513973510e-04
-6.427642613428652396e-03
-1.298289347678438510e-02
-1.957587645901126550e-02
-2.621890558759631951e-02
-3.283620569645595566e-02
-3.944973391086614711e-02
-4.597825902209340398e-02
-5.243438151399892888e-02
-5.891108913380582734e-02
-6.526923402271589403e-02
-7.160773983953627742e-02
-7.792573930337143295e-02
-8.417335510977741464e-02
-9.037067487036010149e-02
-9.651563199742918542e-02
-1.026009930969671302e-01
-1.086725691380958647e-01
-1.146514878964282058e-01
-1.205588112061231065e-01
-1.263911760436577936e-01
-1.321465360175664294e-01
-1.378211624693970183e-01
-1.434115868856646880e-01
-1.489145572926415806e-01
-1.543268852867309970e-01
-1.596454401782232413e-01
-1.648671676593442825e-01
-1.699890918084356883e-01
-1.750068881279036592e-01
-1.799616436221520566e-01
-1.847540503803701828e-01
-1.894328006923908791e-01
-1.939985360449949514e-01
-1.985271577817826483e-01
-2.028953752736184502e-01
-2.071465731880839378e-01
-2.112821422849422426e-01
-2.152571167340768810e-01
-2.190502080027287857e-01
-2.227617404201649443e-01
-2.263318136785863466e-01
-2.297567908944253556e-01
-2.330429087130734267e-01
-2.361931816545463914e-01
-2.392115993575698596e-01
-2.421137448027927963e-01
-2.449294425752279736e-01
-2.475483059781475870e-01
-2.500069035593608380e-01
-2.523067433598105147e-01
-2.543991101867186799e-01
-2.563681148011467403e-01
-2.581915510468248964e-01
-2.598633475299418905e-01
-2.613843854331237004e-01
-2.627287728235370157e-01
-2.639415856088589418e-01
-2.649979256321932652e-01
-2.658950909103301452e-01
-2.666345935252214527e-01
-2.672157383201121394e-01
-2.676379139014977149e-01
-2.679009825657585608e-01
-2.680048550490810033e-01
-2.679495045551667509e-01
-2.677349415002456823e-01
-2.673611445064754122e-01
-2.668279870276819565e-01
-2.661351523244765982e-01
-2.652819099917032020e-01
-2.642671224738624147e-01
-2.630891905176255818e-01
-2.617458716459668544e-01
-2.602339004548412937e-01
-2.585927950056816638e-01
-2.567744286296393952e-01
-2.548017291303155130e-01
-2.526864481673332108e-01
-2.504524705097721515e-01
-2.481386923500137343e-01
-2.456309845821813553e-01
-2.429681952700437630e-01
-2.401775240381225363e-01
-2.371715002805454553e-01
-2.340387095925093863e-01
-2.307763224846457462e-01
-2.273766766094253988e-01
-2.238445391980514732e-01
-2.201803241000794831e-01
-2.163844650587325447e-01
-2.125294602784766340e-01
-2.085556374701300619e-01
-2.044014982306663342e-01
-2.001443879073607768e-01
-1.957718241995107800e-01
-1.912800829159424509e-01
-1.866729940149178812e-01
-1.819248331926599516e-01
-1.771177472874296832e-01
-1.721700056302974957e-01
-1.671340644096845907e-01
-1.620008796176815036e-01
-1.567710979390797288e-01
-1.514492802450420061e-01
-1.460388727099295458e-01
-1.405429815237537738e-01
-1.349648960615330573e-01
-1.293079543285804434e-01
-1.235754942225044672e-01
-1.177708994698842826e-01
-1.118976473583108699e-01
-1.059591731200144604e-01
-9.989951416697939734e-02
-9.380025849443351937e-02
-8.764552364704325527e-02
-8.142994844996032100e-02
-7.516313276535768750e-02
-6.885605896960833583e-02
-6.248993620149123629e-02
-5.610220949625510656e-02
-4.972765520781985416e-02
-4.331485200606621788e-02
-3.695537249446756434e-02
-3.055000614238512213e-02
-2.410653603001589040e-02
-1.760809199199808717e-02
-1.110252971944847289e-02
-4.647753731858994541e-03
1.966790054576339486e-03
8.349948340510948697e-03
1.486418922580767799e-02
2.127407801059044701e-02
2.784949140981551885e-02
3.437225819756473122e-02
4.088062795022029405e-02
4.736517416644514533e-02
5.375614241826087714e-02
6.007703793445662299e-02
6.642912078357676720e-02
7.272263208719031979e-02
7.891440983605590986e-02
8.511405810712902031e-02
9.128408898593631804e-02
9.740920464283986391e-02
1.034954993427872338e-01
1.095060802041154524e-01
1.154550386848225418e-01
1.213425472069764588e-01
1.271672650156479012e-01
1.329301718715854008e-01
1.386081392756319808e-01
1.442273871155286269e-01
1.497664675556782399e-01
1.551697102611371282e-01
1.605460260197397737e-01
1.658791394857270785e-01
1.710438675638377148e-01
1.760981435137749518e-01
1.810369284090345143e-01
1.859409284967372677e-01
1.908352504872288247e-01
1.954437304410008291e-01
1.997222475216371418e-01
2.041089391478831949e-01
2.083437219587380707e-01
2.124379650852827872e-01
2.164102038266961792e-01
2.204246536480205521e-01
2.241248423683361857e-01
2.277262960685075832e-01
2.313054679214212594e-01
2.346295544106684616e-01
2.375280401049999490e-01
2.405415137327393538e-01
2.433918360104012635e-01
2.460754447838269243e-01
2.486139513454910244e-01
2.510035443048925785e-01
2.532408642366976714e-01
2.553252428851060518e-01
2.572563100718963103e-01
2.591845429337862328e-01
2.608846471107109100e-01
2.624305894481577806e-01
2.638362268138803035e-01
2.650927567450938049e-01
2.661990240029492583e-01
2.671551711157722497e-01
2.679606303894885855e-01
2.686148361937665818e-01
2.691173315303876379e-01
2.694676961805997362e-01
2.696655436062358469e-01
2.697105258199408162e-01
2.696023323435270402e-01
2.693406866821805856e-01
2.689253445459254266e-01
2.683560860942937332e-01
2.676327086754002327e-01
2.667550131587241857e-01
2.657227865057525396e-01
2.645357814876949654e-01
2.631936912927117511e-01
2.616961207562127356e-01
2.600425566334885197e-01
2.582323191949791319e-01
2.562645039588067331e-01
2.540010609310030532e-01
2.516634335754386331e-01
2.491718598535446194e-01
2.465119633219181594e-01
2.436909849215187496e-01
2.407074427808955086e-01
2.375567753932135151e-01
2.342369771645773646e-01
2.311203165122184267e-01
2.276847320875803327e-01
2.240094021824412529e-01
2.202980700539596270e-01
2.164686125261336969e-01
2.123142130870165900e-01
2.081738630771636789e-01
2.038795242937747609e-01
1.994481807235437554e-01
1.949039187685672747e-01
1.902475634960567596e-01
1.858325622095968743e-01
1.809567986072093682e-01
1.759755652271446369e-01
1.710007868507656958e-01
1.659515861082325738e-01
1.608056889530111722e-01
1.555813851104179690e-01
1.502274744964156028e-01
1.447576366201763776e-01
1.392377423106039291e-01
1.336775600483672832e-01
1.280272622129992044e-01
1.222815193571178405e-01
1.164716557348755011e-01
1.105999247809710262e-01
1.046678736232735663e-01
9.867775004064660571e-02
9.260167095499038936e-02
8.647773130170799405e-02
8.027962609280181461e-02
7.402461735234222573e-02
6.773825776534581067e-02
6.147991637538430254e-02
5.515120251810357033e-02
4.876949495002724788e-02
4.247949911884685292e-02
3.617199855674591014e-02
2.978587660626841327e-02
2.337078070533271656e-02
1.695541345860318572e-02
1.040143672772186889e-02
4.031552571891250381e-03
-2.497655419937627741e-03
-8.869595123805362746e-03
-1.528128377299564633e-02
-2.168717134409514635e-02
-2.819464631292745160e-02
-3.464768573097853910e-02
-4.109128823986263335e-02
-4.745777830779518425e-02
-5.381378264405323186e-02
-6.004062202244986324e-02
-6.626435330329139006e-02
-7.242186462745192621e-02
-7.854237937211205889e-02
-8.462982483964331948e-02
-9.064426760590582610e-02
-9.660292556586735913e-02
-1.025042130320028555e-01
-1.083418582514839024e-01
-1.141121495424166632e-01
-1.198126813281679137e-01
-1.254400101461448092e-01
-1.309906148300830075e-01
-1.364611309830938701e-01
-1.418483181470744370e-01
-1.471489870107931530e-01
-1.523811429462007538e-01
-1.575073839149052635e-01
-1.625347144270610222e-01
-1.674645475228271341e-01
-1.722925834016557634e-01
-1.770158052367454271e-01
-1.816317173601020851e-01
-1.861377442712934815e-01
-1.905142217480035871e-01
-1.947936711879865168e-01
-1.989594172620814394e-01
-2.030058223108444082e-01
-2.069321640423269493e-01
-2.107361214150387241e-01
-2.144149707543367978e-01
-2.179661073919811898e-01
-2.214289817579542241e-01
-2.247690686170402685e-01
-2.278972029408310451e-01
-2.308585591951808347e-01
-2.337309083270213694e-01
-2.364554828660496710e-01
-2.390324931120755281e-01
-2.414685524420041585e-01
-2.437633441794475608e-01
-2.459178022388166518e-01
-2.479370327639376370e-01
-2.498283657528679313e-01
-2.516017643689036909e-01
-2.531709882186545801e-01
-2.546426076926830984e-01
-2.559888343070699790e-01
-2.571705023890678010e-01
-2.581630377384169783e-01
-2.590014957885498070e-01
-2.596872553070905809e-01
-2.602778993762080439e-01
-2.606583735680665370e-01
-2.608887767359364673e-01
-2.609719138224761981e-01
-2.609039264938937119e-01
-2.606877615991034514e-01
-2.603274296918305364e-01
-2.598277014933532136e-01
-2.591952558924621730e-01
-2.583449923953877736e-01
-2.574025801271140335e-01
-2.563286421256729675e-01
-2.551240702888002421e-01
-2.537366384076296111e-01
-2.521780376702125182e-01
-2.504673297128523490e-01
-2.486577971379411167e-01
-2.466392620556692172e-01
-2.444744945312384843e-01
-2.421704299200444499e-01
-2.397230157922956018e-01
-2.371331389444388815e-01
-2.344038580086345025e-01
-2.315377256265718220e-01
-2.285349475327620450e-01
-2.253967527913374180e-01
-2.222666063474529885e-01
-2.188970012129596299e-01
-2.153760173553271873e-01
-2.117181123024218792e-01
-2.079623071167386872e-01
-2.040795394062251411e-01
-2.000715983922709551e-01
-1.959429486726458336e-01
-1.917217187876505413e-01
-1.873664684745917075e-01
-1.828959436331498711e-01
-1.783211464197316243e-01
-1.736515128663076446e-01
-1.688766666504311065e-01
-1.639886059427153597e-01
-1.590063812775426300e-01
-1.539308486957189359e-01
-1.487615321597866025e-01
-1.435016601256566826e-01
