9.118884267218607675e-02
9.306598310858671397e-02
9.487124012641068305e-02
9.664293105377819160e-02
9.831022373624964672e-02
9.987863882112879566e-02
1.013462185343732003e-01
1.027078096940012841e-01
1.039593741745266087e-01
1.050969793059737256e-01
1.061167523298536253e-01
1.070149748992710315e-01
1.077786358267616151e-01
1.084198330151249223e-01
1.089268474248372698e-01
1.092983316674764893e-01
1.095316811827036219e-01
1.096242542212326754e-01
1.095737769585056753e-01
1.093781933764539360e-01
1.090356630662281390e-01
1.085445624642806806e-01
1.079034750301621770e-01
1.071111828078112893e-01
1.061666577605393513e-01
1.050771735670794627e-01
1.038270579166988838e-01
1.024245582777858488e-01
1.008675155411946633e-01
9.915562124482146800e-02
9.728900833833353801e-02
9.526786436573075889e-02
9.309260582637346459e-02
9.076388781926159055e-02
8.828261130450254512e-02
8.564994283787186191e-02
8.286733049840488974e-02
7.993654628524815564e-02
7.685974566158115806e-02
7.364391744253229177e-02
7.028862879555486387e-02
6.680951896842213245e-02
6.320654043818052514e-02
5.948219836155654860e-02
5.565404481539815151e-02
5.168966455716361708e-02
4.761384348768160635e-02
4.342788121716534278e-02
3.913606368142463765e-02
3.474189657257564789e-02
3.022890000123190646e-02
2.560689986653486017e-02
2.088583732533688675e-02
1.607208528946646453e-02
1.114587699065605619e-02
6.408497224791531721e-03
1.242541056387658216e-03
-3.922828391319299612e-03
-9.093562383164055518e-03
-1.440002142799468032e-02
-1.966131430729234353e-02
-2.503686955695627603e-02
-3.049171525951521744e-02
-3.597108269753057641e-02
-4.153846537421923557e-02
-4.715951216136726742e-02
-5.277940702675110174e-02
-5.834945816486225567e-02
-6.392347979440238248e-02
-6.952070364264884006e-02
-7.509451776572184656e-02
-8.065167933672245937e-02
-8.617715093913957958e-02
-9.168586020966440486e-02
-9.715086876881695588e-02
-1.025729998036073454e-01
-1.079441283294970688e-01
-1.132568798381257125e-01
-1.185041956982990641e-01
-1.236789299600307146e-01
-1.287739508320644433e-01
-1.337821523418902814e-01
-1.386965009313900765e-01
-1.435100844310994717e-01
-1.482157682074625171e-01
-1.528065793603703426e-01
-1.572756383334024122e-01
-1.616161500154653652e-01
-1.658253780278178269e-01
-1.698963865278573238e-01
-1.738209268283563702e-01
-1.775928085789653110e-01
-1.812072914668014789e-01
-1.846592357186835898e-01
-1.879430750343518142e-01
-1.910630610733452528e-01
-1.939967660544352768e-01
-1.967476113265114179e-01
-1.992950150762951012e-01
-2.016601502250434663e-01
-2.038307324655761477e-01
-2.057840779992918812e-01
-2.075393366326894196e-01
-2.090889903461743415e-01
-2.104282681874192207e-01
-2.115554214571355729e-01
-2.124683689394153419e-01
-2.131652885648822604e-01
-2.136447333167916796e-01
-2.139055658903092905e-01
-2.139469697108724588e-01
-2.137684528295231701e-01
-2.133698472481340147e-01
-2.127513090679764574e-01
-2.119133222362954427e-01
-2.108566951835673109e-01
-2.095825552300309980e-01
-2.080923528012057488e-01
-2.063878577957982685e-01
-2.044711577375633027e-01
-2.023463554690199118e-01
-2.000304200423448364e-01
-1.975036725002112803e-01
-1.947756480279565494e-01
-1.918731770018995419e-01
-1.887757535173939516e-01
-1.854942818764202528e-01
-1.820208459005137058e-01
-1.783766491438489865e-01
-1.745601685386359847e-01
-1.705775401870273100e-01
-1.664343057591537445e-01
-1.621343548574207816e-01
-1.576827250175236728e-01
-1.530911413618438743e-01
-1.483623343535267480e-01
-1.435028592276239578e-01
-1.385191860737426950e-01
-1.334177085269185881e-01
-1.282052456772895255e-01
-1.228887257440636205e-01
-1.174750134410738056e-01
-1.119710274609833078e-01
-1.063838168910953286e-01
-1.007205363251975072e-01
-9.498849441002388261e-02
-8.919524521451016597e-02
-8.334865917629308285e-02
-7.744948018387187716e-02
-7.152633433981403499e-02
-6.557536048683143548e-02
-5.961116768054086634e-02
-5.363046717132569086e-02
-4.770212571880971808e-02
-4.182416700428159828e-02
-3.595384443350102543e-02
-3.004320525955161969e-02
-2.413043755208921226e-02
-1.827010477038726322e-02
-1.241543570628689253e-02
-6.888803994590020352e-03
-1.054632057935656064e-03
4.633115381491137441e-03
1.019107048395540005e-02
1.582545252066047681e-02
2.127308610837364000e-02
2.666260458247204923e-02
3.198456711752140080e-02
3.722969167386214195e-02
4.241334870815638425e-02
4.747249726084401544e-02
5.243143066074562597e-02
5.728214624041250147e-02
6.202000808930829834e-02
6.664155992852993649e-02
7.111010495126723896e-02
7.544142090043148841e-02
7.963117264394892203e-02
8.367668118435389601e-02
8.757531296561804623e-02
9.132334923824636519e-02
9.491850595414241809e-02
9.835581452191721752e-02
1.016319845222293239e-01
1.047436423696090912e-01
1.076873982083803583e-01
1.104599344435195363e-01
1.130580005279453459e-01
1.154677316577119583e-01
1.177014687289146266e-01
1.197479374301479993e-01
1.216058449191477209e-01
1.232728509311353804e-01
1.247466728665598268e-01
1.260256180636778467e-01
1.271084835177980210e-01
1.279946016704087697e-01
1.286838636083427190e-01
1.291767392577343188e-01
1.295893399419600911e-01
1.297513599450219601e-01
1.297393463650493572e-01
1.295483727535824414e-01
1.291771422750107590e-01
1.286287253260152141e-01
1.277990793300114447e-01
1.268642779644997276e-01
1.257476593773949602e-01
1.244612464589156531e-01
1.230117959445724551e-01
1.214020123447552280e-01
1.196357846486497678e-01
1.177171022033185466e-01
1.156499746750707658e-01
1.134384448220089325e-01
1.110866729152855115e-01
1.086065514097054319e-01
1.059871452612553000e-01
1.032421892589958645e-01
1.003740691074943570e-01
9.738728241756344772e-02
9.428672172400887064e-02
9.107727852021874071e-02
8.776402416020978592e-02
8.435222336385272968e-02
8.083205511412483446e-02
7.725442642028834683e-02
7.358314011647504316e-02
6.985476114788902180e-02
6.606870898628525168e-02
6.222865353413364886e-02
5.835401690142116848e-02
5.440480006455228335e-02
5.042481686753230719e-02
4.641085118405108290e-02
4.236668361762596646e-02
3.829713572832638135e-02
3.421204632604002427e-02
3.006986230115593628e-02
2.591819016649221652e-02
2.174865017577687354e-02
1.757284392977886966e-02
1.335614176515331764e-02
9.189140689072061718e-03
4.983267662512780305e-03
7.710873969930531757e-04
-3.322415464402261875e-03
-7.490900951125034624e-03
-1.172673521828926368e-02
-1.606223583057264648e-02
-2.000598996027047605e-02
-2.407738017331872982e-02
-2.815223658262766548e-02
-3.216542592602511519e-02
-3.615207087205440928e-02
-4.012121564315940248e-02
-4.406801816305794262e-02
-4.799486501537142402e-02
-5.187004203190248575e-02
-5.564547111460527162e-02
-5.934319875467419791e-02
-6.296540039338083261e-02
-6.651757620743303789e-02
-7.000147110784915583e-02
-7.342126288056594063e-02
-7.675262618213185561e-02
-8.000384096126200717e-02
-8.317152385997594877e-02
-8.625282634524555903e-02
-8.924579062802440177e-02
-9.214827876007891660e-02
-9.494986253433790324e-02
-9.766172788388605142e-02
-1.003016477261828854e-01
-1.028347650679215519e-01
-1.052721047492122253e-01
-1.076128406282839123e-01
-1.098551424730631609e-01
-1.119982358619422413e-01
-1.140413760107055197e-01
-1.159838985635941455e-01
-1.178252726721957799e-01
-1.195650872808569076e-01
-1.212030491722710934e-01
-1.227389823385802714e-01
-1.241728346616080003e-01
-1.255046779534909618e-01
-1.267346901183907804e-01
-1.278631554484146449e-01
-1.288904655911116137e-01
-1.298171155515825959e-01
-1.306437013750700871e-01
-1.313709174331130214e-01
-1.319995531534718936e-01
-1.325304903237585208e-01
-1.329646995662168152e-01
-1.333032373422469163e-01
-1.335472427653101590e-01
-1.336979340017689921e-01
-1.337566046876323966e-01
-1.337246209390929863e-01
-1.336034172939744025e-01
-1.333944932721946586e-01
-1.330994099541538134e-01
-1.327197860437880905e-01
-1.322572944614845980e-01
-1.317136583670492911e-01
-1.310906480307698629e-01
-1.303900767029970709e-01
-1.296137970437856168e-01
-1.287636979335093912e-01
-1.278417004542662383e-01
-1.268497547902702749e-01
-1.257898365318137479e-01
-1.246639433998133484e-01
-1.234740920242929363e-01
-1.222223146238263780e-01
-1.209106561339190478e-01
-1.195411708377331905e-01
-1.181159133192046795e-01
-1.166369298491947148e-01
-1.151062671824689687e-01
-1.135259681787488262e-01
-1.118980672079201710e-01
-1.102245877420990894e-01
-1.085075405019848560e-01
-1.067489305332616212e-01
-1.049507745861264496e-01
-1.031150195203682784e-01
-1.012436108596785900e-01
-9.931162017921035812e-02
-9.735973463978009335e-02
-9.537535723951418021e-02
-9.336006617273895358e-02
-9.132598966506044746e-02
-8.926388046380751007e-02
-8.717872002314397406e-02
-8.507313086695855731e-02
-8.294891306014395838e-02
-8.080818749203189100e-02
-7.865306593553356151e-02
-7.648562783089474237e-02
-7.430808555766521550e-02
-7.212273820440273653e-02
-6.993199797141524954e-02
-6.773842843522448476e-02
-6.552660428777823398e-02
-6.332310979761857084e-02
-6.112275154698476598e-02
-5.893647670458257437e-02
-5.676838526679706121e-02
-5.462351025164391416e-02
-5.250591890841604936e-02
-5.041638802681092102e-02
-4.835520021650552280e-02
-4.631875904206150807e-02
-4.431640861230778938e-02
-4.232589422841392945e-02
-4.033891043925663666e-02
-3.835538020480289134e-02
-3.637668638041713365e-02
-3.445441471815513523e-02
-3.251112520860299782e-02
-3.059574889842853196e-02
-2.869311864437396054e-02
-2.681788081388436495e-02
-2.495755213170802733e-02
-2.311480863177717282e-02
-2.129004157770086891e-02
-1.948045596614544905e-02
-1.768850038583646977e-02
-1.592321198537494098e-02
-1.416646602325233317e-02
-1.242202292080918369e-02
-1.102806027473679507e-02
-9.212208902587448733e-03
-7.541473155211697588e-03
-5.927741978776879250e-03
-4.298247494853413286e-03
-2.781031426364322101e-03
-1.121684100284348062e-03
4.358207206580644311e-04
1.950627852216335612e-03
3.412191297205602325e-03
4.947821613106029304e-03
6.471804618124465946e-03
7.953464816259803172e-03
9.358282867582445874e-03
1.073926168120298286e-02
1.215196389247008568e-02
1.364344996967492563e-02
1.533275120127619573e-02
1.653059340890727924e-02
1.790794005155493807e-02
1.926258246784584571e-02
2.058208203347966503e-02
2.189663269616914931e-02
2.321409841997468249e-02
2.449731577064007126e-02
2.576396307705941524e-02
2.701387788222575637e-02
2.824230588094955863e-02
2.946156011628708882e-02
3.066176892403138510e-02
3.184510231251369561e-02
3.301197747328732390e-02
3.416217107541452691e-02
3.529553879961966345e-02
3.641171879556104329e-02
3.751036332888091351e-02
3.859125608908087202e-02
3.965405293695312139e-02
4.069692015709147626e-02
4.174197497432530213e-02
4.275020882231750363e-02
4.373761431569356262e-02
4.470155395227148887e-02
4.564199427437909407e-02
4.655761924409329566e-02
4.744713547661394415e-02
4.830942266639937088e-02
4.914327936818274623e-02
4.994745726729910018e-02
5.072067368464683312e-02
5.146160625808082756e-02
5.216890433267007410e-02
5.284119168807777100e-02
5.347707526240252918e-02
5.407514308240291001e-02
5.463396413300625198e-02
5.515209847216517858e-02
5.562809643519806002e-02
5.606050960044939302e-02
5.644788733063865749e-02
5.678878805906606431e-02
5.708178001346819741e-02
5.732544523672444825e-02
5.751838903940065251e-02
5.765924435259162095e-02
5.774668129965832009e-02
5.777936185246357326e-02
5.775600888118859189e-02
5.767537824025392723e-02
5.753626185541094173e-02
5.733748507933267291e-02
5.707791047960686370e-02
5.675646577407000848e-02
5.637217660795545982e-02
5.592408903070911208e-02
5.541128689816865460e-02
5.483292999904687548e-02
5.418823813000273049e-02
5.347649190634840011e-02
5.269704069237413080e-02
5.184929611467570254e-02
5.093273400602971179e-02
4.994688383177070534e-02
4.889135036378267074e-02
4.776581212998465276e-02
4.657002663841502965e-02
4.530382798577292647e-02
4.396714645679633549e-02
4.256277567513855331e-02
4.108930497102925017e-02
3.954705125611912564e-02
3.790334379571014267e-02
3.619805014053145698e-02
3.441529826382527801e-02
3.255488671840556236e-02
3.061759205194913847e-02
2.860370645699461534e-02
2.651259994277843646e-02
2.434807681428630133e-02
2.210809460365759094e-02
1.979188868272796498e-02
1.739174795928644102e-02
1.492652592750776108e-02
1.240955910634777837e-02
9.904795034417546162e-03
7.280088182073818359e-03
4.475795325426190630e-03
1.708431868409299170e-03
-1.134890800402743594e-03
-4.042339466712618901e-03
-7.021051787556409352e-03
-1.014961847280737572e-02
-1.317023976678921571e-02
-1.663042535311731740e-02
-1.967706324733331513e-02
-2.294013080184864606e-02
-2.628188213249771366e-02
-2.966398330061892352e-02
-3.307633308056612265e-02
-3.653327159602337559e-02
-4.004970885503844613e-02
-4.360265244426386744e-02
-4.723137682858435937e-02
-5.090961404496674447e-02
-5.462233809025818232e-02
-5.831701827361612800e-02
-6.200529479652239218e-02
-6.568607688414473955e-02
-6.935968032763639712e-02
-7.303807862000155637e-02
-7.670666694577921163e-02
-8.037423175432856226e-02
-8.401363594325506057e-02
-8.763081588761334473e-02
-9.121984497319601815e-02
-9.477524923080427044e-02
-9.829226510268807004e-02
-1.017658044356286595e-01
-1.051816518253945176e-01
-1.085489150867147146e-01
-1.118582198072655132e-01
-1.151039412865282330e-01
-1.182815231964973179e-01
-1.213860446966270601e-01
-1.244126401724194864e-01
-1.273565250625026124e-01
-1.302128315006561010e-01
-1.330224634796985939e-01
-1.357150855896085417e-01
-1.383125488509158174e-01
-1.408102036696883275e-01
-1.432023190589424289e-01
-1.454852421569645671e-01
-1.476551429510806202e-01
-1.497082417611697025e-01
-1.516409272521714868e-01
-1.534497330417794458e-01
-1.551313452026636952e-01
-1.566826129845155791e-01
-1.581005685846328390e-01
-1.593824175849780644e-01
-1.605255459621197645e-01
-1.615275300803800107e-01
-1.623861415969258815e-01
-1.630993527437158974e-01
-1.636653404324519556e-01
-1.640824897525954285e-01
-1.643494035544001974e-01
-1.644649028820071024e-01
-1.644280290841795278e-01
-1.642380468640904922e-01
-1.638944450359751670e-01
-1.633969378973967324e-01
-1.627454652908744137e-01
-1.619401936676796439e-01
-1.609815209935341329e-01
-1.598700703981137394e-01
-1.586066908795871200e-01
-1.571924556613932822e-01
-1.556286603958225712e-01
-1.539168204767449311e-01
-1.520586671604027273e-01
-1.500561269641131901e-01
-1.479113357009778085e-01
-1.456266321973176403e-01
-1.432045509726700416e-01
-1.406478181421322304e-01
-1.379593462055117570e-01
-1.351422288793058257e-01
-1.321997360622910733e-01
-1.290875109400282383e-01
-1.258803666052799031e-01
-1.225528983914045966e-01
-1.191097892300509997e-01
-1.155568444418371143e-01
-1.118978787257738361e-01
-1.081372266731053244e-01
-1.042794797615789193e-01
-1.003293828893880857e-01
-9.630355629510489734e-02
-9.219415815819775872e-02
-8.801047151096863530e-02
-8.375931521245583156e-02
-7.944671172771222700e-02
-7.508044560180948679e-02
-7.065080916201882388e-02
-6.618744423833966550e-02
-6.169783663940009433e-02
-5.721591047908791694e-02
-5.274570320017346603e-02
-4.827551936717178194e-02
-4.379622239660818650e-02
-3.927630393608261272e-02
-3.471985517835740609e-02
-3.015379140535934255e-02
-2.560836785394648984e-02
-2.105986146598848308e-02
-1.651391980038052765e-02
-1.200976360566397005e-02
-7.550978351193116112e-03
-3.115236785820485466e-03
1.308316078974414154e-03
5.563020549449682051e-03
9.967137726453856317e-03
1.427121214286852791e-02
1.875748947917710296e-02
2.280744781121679665e-02
2.696637842830895693e-02
3.106578945312410411e-02
3.507877870051956393e-02
3.904130150379003794e-02
4.293761906304105480e-02
4.678801352448846984e-02
5.052920418752560039e-02
5.418943484873217642e-02
5.776258525659816456e-02
6.124189994171302942e-02
6.462456297835394992e-02
6.791669239445319306e-02
7.110763834884981094e-02
7.417004330054322025e-02
7.711825502556468592e-02
7.994984882473765708e-02
8.265175476228669993e-02
8.522866171907317323e-02
8.767744086770523637e-02
8.999120985265474104e-02
9.217689413935836740e-02
9.422908382272066063e-02
9.612537886032157530e-02
9.790954714119859403e-02
9.954094114483247324e-02
1.010329594682515264e-01
1.023825652398206998e-01
1.035880383326777121e-01
1.046486155623860270e-01
1.055635045230074454e-01
1.063320855594938052e-01
1.069539374598891257e-01
1.074288197480299800e-01
1.077566752807292971e-01
1.079376293630796013e-01
1.079719884563417054e-01
1.078602369972427866e-01
1.076030366165090513e-01
1.072012205292818265e-01
1.066557926702493830e-01
1.059679238499580123e-01
1.051389482215272508e-01
1.041703622728107348e-01
1.030638205523803919e-01
1.018211370494102042e-01
1.004442809815460080e-01
9.893538006101820770e-02
9.729672142327849826e-02
9.553076003665328386e-02
9.364011993477650009e-02
9.163133611967122505e-02
8.950400157530058465e-02
8.726028052264744872e-02
8.490542388071631308e-02
8.245373595954941237e-02
7.990073032556388455e-02
7.725518407116283015e-02
7.452476936938978724e-02
7.170490284933617176e-02
6.881977022635510366e-02
6.586269562798996446e-02
6.281035111909183399e-02
5.968933265198561600e-02
5.650597101382803800e-02
5.325964565937901796e-02
4.995637772072658578e-02
4.660007691337320068e-02
4.320153969396312021e-02
3.972740143958120029e-02
3.621112173499696496e-02
3.264439264053287104e-02
2.903159553745826571e-02
2.537073077457208115e-02
2.168641220558065186e-02
1.794959734834122855e-02
1.421076961701039920e-02
1.074834746787001194e-02
6.798748881718275072e-03
3.017916843297996365e-03
-7.193891876013935871e-04
-4.483685583342555958e-03
-8.328948233812027979e-03
-1.223335258914204360e-02
-1.599861340687436240e-02
-1.984691902082058590e-02
-2.363558199770743329e-02
-2.743226370919238377e-02
-3.124756250473836872e-02
-3.503435018132705636e-02
-3.879663181747350365e-02
-4.256903823935953568e-02
-4.631824046953614271e-02
-5.009181789879590951e-02
-5.385669657237013297e-02
-5.760690090924835971e-02
-6.126677973947725064e-02
-6.489007670185653609e-02
-6.844271195175277711e-02
-7.193468541003511518e-02
-7.538056983078078588e-02
-7.876883861830119571e-02
-8.209470228486459575e-02
-8.537135552165153740e-02
-8.856976338682720495e-02
-9.169903109855503942e-02
-9.475539480628558664e-02
-9.773564401248169276e-02
-1.006370016153210756e-01
-1.034568651402274497e-01
-1.061926177126295556e-01
-1.088417331023174839e-01
-1.114017747923190527e-01
-1.138609776264001283e-01
-1.162310366834802267e-01
-1.185056296094098016e-01
-1.206821299514810875e-01
-1.227590501859507910e-01
-1.247346270246927347e-01
-1.266072218629021862e-01
-1.283753392352773304e-01
-1.300375969007578902e-01
-1.315927332924022863e-01
-1.330396105119637795e-01
-1.343772135359699860e-01
-1.356046530926517946e-01
-1.367211658385372175e-01
-1.377261149964219555e-01
-1.386189916042877002e-01
-1.393994149043846775e-01
-1.400671317601354104e-01
-1.406220175285763929e-01
-1.410640482259557515e-01
-1.413933688211841400e-01
-1.416102400416869855e-01
-1.417150455947719934e-01
-1.417082956759294632e-01
-1.415906245916547235e-01
-1.413627886274611001e-01
-1.410256647866221513e-01
-1.405802491048318004e-01
-1.400276386213787916e-01
-1.393690395895665901e-01
-1.386057952803989579e-01
-1.377393440737861852e-01
-1.367712301997645596e-01
-1.357031021287982142e-01
-1.345367079150818768e-01
-1.332738912871640480e-01
-1.319165906266572819e-01
-1.304668331864053954e-01
-1.289267341729036787e-01
-1.272984912794905554e-01
-1.255843837108221450e-01
-1.237867664025635861e-01
-1.219080705669481901e-01
-1.199507971592792543e-01
-1.179175164805421616e-01
-1.158108669216888487e-01
-1.136335492620261789e-01
-1.113883299520157522e-01
-1.090888930113198541e-01
-1.067250007634763520e-01
-1.043034455111602199e-01
-1.018280942766462971e-01
-9.930190269687955151e-02
-9.672826412505042271e-02
-9.411066271131751648e-02
-9.145276206296237831e-02
-8.875823528776116689e-02
-8.603091027032494509e-02
-8.327489053724868029e-02
-8.049453344314283498e-02
-7.767437396667364879e-02
-7.484517176668159522e-02
-7.200010122851718819e-02
-6.914501130312888932e-02
-6.629304298015803454e-02
-6.345970341643791812e-02
-6.064845240451788300e-02
-5.786311989734205241e-02
-5.510400485477173760e-02
-5.237317367221816511e-02
-4.964528732360307117e-02
-4.694304814281036187e-02
-4.423203674224573945e-02
-4.149741193025846542e-02
-3.884679208729657773e-02
-3.616705481399407063e-02
-3.351733292705194600e-02
-3.090472748065575814e-02
-2.831202085188166961e-02
-2.574546048299364287e-02
-2.320498360267553295e-02
-2.069241123812570748e-02
-1.822021831630316058e-02
-1.577351822683148441e-02
-1.367877574354636749e-02
-1.154155932369782533e-02
-9.057597802313743784e-03
