-1.711244006991785582e-01
-1.518487694078292094e-01
-1.313691101274621076e-01
-1.098892829307773766e-01
-8.750635167074793941e-02
-6.434252002931817316e-02
-4.052898806904625673e-02
-1.628498148977364224e-02
8.457702688050794393e-03
3.339970751082432798e-02
5.842373345760520920e-02
8.355351365858254553e-02
1.083859480394355757e-01
1.329632964464959599e-01
1.571204106923103083e-01
1.804802351167662522e-01
2.030628341093834166e-01
2.247615912511911063e-01
2.454464345781364187e-01
2.650040533414186328e-01
2.833684579446824614e-01
3.003765074592319451e-01
3.158832339692239088e-01
3.298525612636069582e-01
3.421297771592737291e-01
3.526120840991922023e-01
3.612353807315500376e-01
3.679320495024773763e-01
3.725720640743190870e-01
3.752720454959641572e-01
3.759372231665523145e-01
3.745769196204147278e-01
3.711970327940914416e-01
3.658140503167564006e-01
3.585671536018439909e-01
3.494147375300968861e-01
3.384647908028304286e-01
3.257836759878376398e-01
3.114548734560074195e-01
2.955043193356559073e-01
2.780204006286099983e-01
2.591561664582506808e-01
2.388953547456083015e-01
2.173776065221773024e-01
1.947863405282062033e-01
1.712637253539783799e-01
1.468972777413357633e-01
1.220775166052394667e-01
9.658138794192971943e-02
7.070201558653277374e-02
4.460945912074443243e-02
1.850875041778632379e-02
-7.743623624831386110e-03
-3.358160607406368570e-02
-5.938004977263933171e-02
-8.446131794429945217e-02
-1.089744534007923704e-01
-1.327358696410829708e-01
-1.556091265761301301e-01
-1.774578803132049742e-01
-1.981867108337560524e-01
-2.176539195606927990e-01
-2.357221328297320895e-01
-2.523404731279930147e-01
-2.673481469327212423e-01
-2.806634402847416609e-01
-2.924378632145989698e-01
-3.024974697486317865e-01
-3.106512363605755667e-01
-3.168848549210832033e-01
-3.212431610917301228e-01
-3.237094889753020510e-01
-3.242698023421359821e-01
-3.229422750470067882e-01
-3.197511490313065252e-01
-3.147330447128311448e-01
-3.079334013369683376e-01
-2.995291119289609227e-01
-2.894855072220465786e-01
-2.778706940507511547e-01
-2.646598588811519548e-01
-2.500161843047692400e-01
-2.341743690174453718e-01
-2.171288687463768241e-01
-1.990318850770931292e-01
-1.799529753343795946e-01
-1.600441838047377274e-01
-1.394031338490231420e-01
-1.181850728292808128e-01
-9.649749055855760815e-02
-7.447403940055608018e-02
-5.225885317093759141e-02
-3.007537850605412899e-02
-7.853792632432465837e-03
1.414076004894226912e-02
3.573988629902036251e-02
5.707497308846676276e-02
7.773378586277157609e-02
9.764107267863497697e-02
1.167848861688067785e-01
1.350166591614794243e-01
1.522578324482584122e-01
1.683885306990164921e-01
1.831376608918429127e-01
1.965757036929787205e-01
2.086936348354537785e-01
2.192391437581324709e-01
2.283373653000726478e-01
2.359273194687023789e-01
2.419331187189524002e-01
2.463558484875161270e-01
2.491903110100235352e-01
2.504381957267654002e-01
2.501092764276613423e-01
2.482237667475262199e-01
2.448116630994032761e-01
2.399148535465061016e-01
2.335901452387041388e-01
2.259009118139552186e-01
2.169098762807406544e-01
2.066542973647500503e-01
1.952913238414444308e-01
1.829402814259468713e-01
1.695701340946103031e-01
1.555188469039583410e-01
1.407603737264810917e-01
1.254945074893623058e-01
1.097099377424335387e-01
9.356757959893968746e-02
7.721278515577978396e-02
6.074849185583808264e-02
4.438609146304983710e-02
2.813975759309705893e-02
1.200346104582994400e-02
-3.782282116402413408e-03
-1.913200226019906580e-02
-3.372439242056834985e-02
-4.792030410560155218e-02
-6.123627916220364398e-02
-7.369425943883101127e-02
-8.520410291257007884e-02
-9.572169770101268682e-02
-1.051684115110136375e-01
-1.134880693973743249e-01
-1.206365573720571405e-01
-1.265720297546781836e-01
-1.312647893604568239e-01
-1.346937792994591376e-01
-1.368474338026652859e-01
-1.377236424851790986e-01
-1.373295655858663977e-01
-1.356815043430295020e-01
-1.328046447584032563e-01
-1.287327380443015201e-01
-1.235077192603926122e-01
-1.171793533214922078e-01
-1.098048798208566268e-01
-1.014482758676678031e-01
-9.217999854032843388e-02
-8.207675070918973859e-02
-7.122798736568558553e-02
-5.972527686319839546e-02
-4.770018372364770443e-02
-3.526089684303723715e-02
-2.247571014893701147e-02
-9.257816895878789865e-03
3.993709049415983259e-03
1.761210834766391287e-02
3.077550209480772736e-02
4.397958453736983131e-02
5.700728749889538705e-02
6.962948393543388903e-02
8.174922209236168413e-02
9.333352008289796942e-02
1.042800558143941458e-01
1.144901796695378948e-01
1.239020794051342023e-01
1.324310983369532124e-01
1.400432055911808860e-01
1.466265366086085820e-01
1.521301933521606031e-01
1.565312738005504301e-01
1.597738579951304416e-01
1.616512198213149176e-01
1.623368686211659195e-01
1.617511299291178872e-01
1.598977679882551683e-01
1.567868659128812681e-01
1.526025673274604699e-01
1.471569794114282459e-01
1.405412486879047407e-01
1.327913767598820627e-01
1.239684304696817563e-01
1.140835674721483173e-01
1.032134265316164701e-01
9.144247129168192600e-02
7.884449432039719596e-02
6.550432430514963045e-02
5.158056115427633870e-02
3.712333259678324282e-02
2.213482285273205008e-02
6.736797275796568840e-03
-8.886855329149234706e-03
-2.457938161339789929e-02
-4.024794035927925506e-02
-5.604860069306027981e-02
-7.154389777500558267e-02
-8.668601308222978474e-02
-1.014315213917642566e-01
-1.156428028065139557e-01
-1.292136217888684158e-01
-1.420443213678854733e-01
-1.540314761108598773e-01
-1.650793458256307744e-01
-1.750959550680546428e-01
-1.840077164698952217e-01
-1.917413154666256503e-01
-1.982221857314252489e-01
-2.033856208945534760e-01
-2.072094326484368310e-01
-2.096031582201431931e-01
-2.105713700419729051e-01
-2.100849739867109989e-01
-2.081255737575675724e-01
-2.046965388902624028e-01
-1.998209380288313852e-01
-1.934810258551893369e-01
-1.857408115576859586e-01
-1.766115891263257964e-01
-1.661404980710035062e-01
-1.543876972362214772e-01
-1.414207719298881116e-01
-1.273024812184706533e-01
-1.121103216283749759e-01
-9.592710931879366854e-02
-7.884260838973311536e-02
-6.096287152150647870e-02
-4.244397739656857738e-02
-2.338510119021108835e-02
-3.727754100233404699e-03
1.634828145028599522e-02
3.639853831770700765e-02
5.679264974534703470e-02
7.714691994934241848e-02
9.725917522037708096e-02
1.171618175609632218e-01
1.366736219239275130e-01
1.557298521857797269e-01
1.741383594021588266e-01
1.915760832451312012e-01
2.081087446699143584e-01
2.237018750693504643e-01
2.380211471702775583e-01
2.512274120679887091e-01
2.630788976082119035e-01
2.735529060265751156e-01
2.825880143880743489e-01
2.901106418795089681e-01
2.960653879583983183e-01
3.004044366407683242e-01
3.030909418271630074e-01
3.040981708983707676e-01
3.034103744078473497e-01
3.010210708758211950e-01
2.969339318512052017e-01
2.911608728187351502e-01
2.837209131210638446e-01
2.746402426548408826e-01
2.639531936334673645e-01
2.517087156851456342e-01
2.379950345079970830e-01
2.228881004343872263e-01
2.064226825474184679e-01
1.888243021091176033e-01
1.700532135684849067e-01
1.503801069461339068e-01
1.299562897663388839e-01
1.086851465132898653e-01
8.678359544608937881e-02
6.439574947200643606e-02
4.172949530224467907e-02
1.882906220842173184e-02
-4.360848146235163370e-03
-2.746887193305092012e-02
-5.029941517542457774e-02
-7.300976309784612539e-02
-9.512539226336258480e-02
-1.167231919836879683e-01
-1.376200616514982045e-01
-1.576930412641575074e-01
-1.768160713283348784e-01
-1.948661344032718290e-01
-2.117543876367147249e-01
-2.273390129394776693e-01
-2.416035706650907500e-01
-2.543355894152501406e-01
-2.656014231872942943e-01
-2.751230502497294950e-01
-2.829695996246712753e-01
-2.890984557073199568e-01
-2.933375736428125435e-01
-2.960499682680470812e-01
-2.969735032076856740e-01
-2.958642745770525551e-01
-2.929568070317305484e-01
-2.885171177312111368e-01
-2.822350292745596789e-01
-2.744242412763213679e-01
-2.646916311125320220e-01
-2.535674062607125023e-01
-2.410105153463515393e-01
-2.269541165336281807e-01
-2.116500424734475416e-01
-1.950455967975210925e-01
-1.773724901479560856e-01
-1.586632471140037026e-01
-1.390714130212638011e-01
-1.186961131113397627e-01
-9.765879497586293922e-02
-7.608281105391334620e-02
-5.410750078992521139e-02
-3.197778867426581684e-02
-9.577587973148560252e-03
1.277675740892281198e-02
3.498046784962216549e-02
5.697416883303674240e-02
7.863822058371550128e-02
9.964997056437585599e-02
1.200806326044716599e-01
1.397462924033954224e-01
1.585906720846299578e-01
1.764314118977141632e-01
1.929543224159582238e-01
2.082889015376494513e-01
2.223290244475162325e-01
2.348452641948455266e-01
2.459231748145871421e-01
2.554897001802931555e-01
2.634409401552488816e-01
2.697578478484441433e-01
2.744193692153178432e-01
2.774040870049852003e-01
2.787025272576100221e-01
2.783145035962775182e-01
2.762497101518999187e-01
2.725279267030078501e-01
2.671798333180799290e-01
2.602488349193876616e-01
2.517980577169858236e-01
2.418965223660256569e-01
2.305551224433264323e-01
2.179315095339759978e-01
2.041150599296104318e-01
1.891544215580207577e-01
1.733194834693954078e-01
1.565784324642880421e-01
1.392605230431325225e-01
1.212591387850867619e-01
1.027259893466885288e-01
8.381612716357889070e-02
6.466695232992059061e-02
4.549961138209468459e-02
2.632879823443179390e-02
7.127055402136761586e-03
-1.174743521231391696e-02
-3.011541253125571416e-02
-4.808905294905496675e-02
-6.554403288568089181e-02
-8.217201958174591425e-02
-9.795703722717608031e-02
-1.128376854333916768e-01
-1.266927072527490594e-01
-1.394462321229843482e-01
-1.510186821482299990e-01
-1.613411780584845800e-01
-1.703532894571724299e-01
-1.780032276922920431e-01
-1.842497915471588144e-01
-1.890674203072109094e-01
-1.924369459195709453e-01
-1.943454842412553063e-01
-1.947939083382470571e-01
-1.937919801190810531e-01
-1.913593077111883645e-01
-1.875247720793584705e-01
-1.823257760503613767e-01
-1.758069923800356094e-01
-1.680356903928954537e-01
-1.590710168799205348e-01
-1.489848325518101646e-01
-1.378542624338008338e-01
-1.257632374898207672e-01
-1.128003766095755367e-01
-9.905891013103040876e-02
-8.463962212701225951e-02
-6.964610794762915447e-02
-5.422465267207421391e-02
-3.852858567044403770e-02
-2.260786549287541192e-02
-6.378115891209290567e-03
9.788671148799110711e-03
2.577830174122563989e-02
4.147404557706124706e-02
5.715854586082791400e-02
7.226229189348032378e-02
8.679666145866438143e-02
1.007093215302257150e-01
1.138952855865369429e-01
1.262529629329209868e-01
1.377216343269198617e-01
1.482468392290847703e-01
1.577030072858294218e-01
1.660374448566344086e-01
1.732146285537101704e-01
1.789753327954874962e-01
1.834727162186133853e-01
1.866422692976685838e-01
1.884576288427055601e-01
1.889209382633971757e-01
1.880065080983657211e-01
1.857352338126831981e-01
1.820974089895619485e-01
1.771509355498297467e-01
1.709304325638463240e-01
1.634932994358972991e-01
1.550427001064891286e-01
1.454322666210030590e-01
1.347910023492255860e-01
1.231823015130224519e-01
1.106978713801218817e-01
9.742313657500645263e-02
8.346021303383377443e-02
6.890845045760940479e-02
5.394840025918234971e-02
3.863463084780072165e-02
2.294592293287855966e-02
7.072580389924532085e-03
-8.831847634415801451e-03
-2.455201834841513886e-02
-4.020767142585590648e-02
-5.564644476786551053e-02
-7.062199919152334360e-02
-8.505623474895340763e-02
-9.885752122625302007e-02
-1.119467198608479208e-01
-1.242131619249899899e-01
-1.355855253599393961e-01
-1.459555875629359178e-01
-1.552547673925008809e-01
-1.634088231624613030e-01
-1.703539542691334674e-01
-1.760342137268464668e-01
-1.804029755905247612e-01
-1.834229942404546065e-01
-1.850667172184596865e-01
-1.853164325787242106e-01
-1.841644164521865079e-01
-1.816127634735913432e-01
-1.776732095252526733e-01
-1.723669754456222947e-01
-1.657243206946716896e-01
-1.577841312145293884e-01
-1.485934015984593515e-01
-1.382074577059695386e-01
-1.266892129905414777e-01
-1.141081840205728781e-01
-1.005255135019913482e-01
-8.606226723552801161e-02
-7.077540046036201460e-02
-5.481924460452525238e-02
-3.833235748714258762e-02
-2.136775851614380883e-02
-3.805395874700856496e-03
1.406756899402861194e-02
3.172767439861878813e-02
4.976037317666026638e-02
6.773618892054233953e-02
8.546599923543318766e-02
1.028534079449840988e-01
1.198503934436807583e-01
1.363118312060489501e-01
1.521579129179571055e-01
1.672730802005819584e-01
1.815396853851130032e-01
1.946464447427338484e-01
2.067316111173322923e-01
2.175686566927161891e-01
2.272275428634875638e-01
2.354319290236759343e-01
2.422818899123306835e-01
2.476477898147386725e-01
2.515076773985818193e-01
2.538235881263313232e-01
2.545700063941200852e-01
2.537318334443856571e-01
2.513043061427087110e-01
2.472936804422127821e-01
2.417180981489019942e-01
2.346089746211923455e-01
2.260110229567011686e-01
2.159810740773622229e-01
2.046002828718984645e-01
1.918483863387265842e-01
1.779842343794681980e-01
1.629528016088217512e-01
1.470345360272098389e-01
1.301532505499176651e-01
1.123961581062653536e-01
9.391168424218765409e-02
7.483001399404631826e-02
5.528488584927870875e-02
3.547240100936033258e-02
1.523431003004738216e-02
-5.077393042155264880e-03
-2.537444383329034991e-02
-4.544675250177743209e-02
-6.545854019364405474e-02
-8.497124600638361613e-02
-1.039226124248076033e-01
-1.222726378165548411e-01
-1.398372711924782408e-01
-1.565610741355545343e-01
-1.722843485621661230e-01
-1.869202741722082450e-01
-2.003619784951187199e-01
-2.124660924804224749e-01
-2.232276623007711791e-01
-2.325727192422020195e-01
-2.404955191621933608e-01
-2.468421820687005663e-01
-2.516169913295236427e-01
-2.547515641510127438e-01
-2.562607148472393348e-01
-2.561724279540769089e-01
-2.544188330853742741e-01
-2.509906491918965088e-01
-2.459765500826405216e-01
-2.393984150108474651e-01
-2.312605320271963194e-01
-2.216136431010582442e-01
-2.104632501951630985e-01
-1.979575811516101069e-01
-1.842262944987185236e-01
-1.692546548114792770e-01
-1.531868555098796492e-01
-1.361058281365146172e-01
-1.181158434417959313e-01
-9.930568653729920925e-02
-7.982202515840164381e-02
-5.977247867385671043e-02
-3.939024990346950972e-02
-1.871530021511347286e-02
2.364851508627197063e-03
2.334404244168464260e-02
4.423649140548668868e-02
6.516248068072716393e-02
8.563496712338114492e-02
1.056091936814320675e-01
1.250532323596909023e-01
1.438079698006085039e-01
1.618151741673328203e-01
1.788871303485430886e-01
1.947377091753557110e-01
2.094639571697998193e-01
2.228665846656170402e-01
2.349888785759537413e-01
2.456216891820490744e-01
2.547665588488055022e-01
2.622667656538499870e-01
2.682530443132673525e-01
2.724747329110108751e-01
2.750130331675375572e-01
2.758391441341769834e-01
2.749499139903024414e-01
2.723598856901094933e-01
2.680952559949600911e-01
2.622804838504046998e-01
2.548285791950739565e-01
2.457837333151537962e-01
2.352775366025099402e-01
2.234426734623298216e-01
2.102205819275457799e-01
1.957299559816974011e-01
1.802571394069305555e-01
1.637255918421001155e-01
1.464489646102373754e-01
1.283595180894483434e-01
1.095720733486187370e-01
9.024859511717586713e-02
7.052361412995189482e-02
5.061993031634681728e-02
3.058150507536083751e-02
1.033534713788242243e-02
-9.676987784899893086e-03
-2.952461652072457809e-02
-4.891727642428733702e-02
-6.797725708495239161e-02
-8.633850534213749484e-02
-1.039231449832795917e-01
-1.206923091461522546e-01
-1.365012087758952219e-01
-1.512596338761946768e-01
-1.648572797221907749e-01
-1.772566715188945707e-01
-1.883256461331344056e-01
-1.980159846872702190e-01
-2.062052641037759315e-01
-2.129283639808869921e-01
-2.181045520402493665e-01
-2.217145871018466607e-01
-2.237407546369309941e-01
-2.241772054948114601e-01
-2.230297237061051874e-01
-2.203149127687948905e-01
-2.160598822916073303e-01
-2.103016982815626434e-01
-2.030868662177436335e-01
-1.944709508683457599e-01
-1.845222649920055247e-01
-1.733664954797298208e-01
-1.610062872578303939e-01
-1.475657922709929792e-01
-1.331012301186849101e-01
-1.177493424020035206e-01
-1.016070733955078964e-01
-8.477315133048612950e-02
-6.737436028474075300e-02
-4.958599787682427262e-02
-3.149509683355233847e-02
-1.312905448741563674e-02
5.428323085611808096e-03
2.370045126135078561e-02
4.194322942965555967e-02
5.998923719437865287e-02
7.765401045654485301e-02
9.470260732231494671e-02
1.111621832382363451e-01
1.268885481572690210e-01
1.417847839218007167e-01
1.557612484094601513e-01
1.687303299611668805e-01
1.805933854925738657e-01
1.910849707582862322e-01
2.003162981163368883e-01
2.081826603338248205e-01
2.146157315028673906e-01
2.195352823804821440e-01
2.229558167014911163e-01
2.248262428337763907e-01
2.252540789558086232e-01
2.240637380828118808e-01
2.213723328526784329e-01
2.170858654361049744e-01
2.114063157940115900e-01
2.043013517011029734e-01
1.958541628660359635e-01
1.860719625616873429e-01
1.750748400912325309e-01
1.631278225763761469e-01
1.500390149852819377e-01
1.360219057150491295e-01
1.211063733719131008e-01
1.054155776037735137e-01
8.908629167275172733e-02
7.221723583271089097e-02
5.502077995096321672e-02
3.754689084796059007e-02
1.974295348786814230e-02
1.909799509316911781e-03
-1.619785460411460321e-02
-3.337918908166681575e-02
-5.079406403643993428e-02
-6.770581252824836582e-02
-8.403039585739513484e-02
-9.964132061945463192e-02
-1.145093456673764720e-01
-1.284977443797554741e-01
-1.414966703952593718e-01
-1.534250804625090225e-01
-1.642043637300165670e-01
-1.737407269334436677e-01
-1.819730469135141249e-01
-1.888390281378988789e-01
-1.942883142400244623e-01
-1.982809610161782032e-01
-2.007876281686185038e-01
-2.017898639760744572e-01
-2.012801132782833236e-01
-1.992616519344254655e-01
-1.957484064787635702e-01
-1.907646498822197501e-01
-1.843445853408400836e-01
-1.765318472795147642e-01
-1.673789837866568320e-01
-1.569471786261837920e-01
-1.453070440017825149e-01
-1.325376647845875056e-01
-1.187066043444238161e-01
-1.039267512290553697e-01
-8.827506738242263395e-02
-7.187060524473576351e-02
-5.486508790105570910e-02
-3.739098423828757234e-02
-1.939082515848333799e-02
-1.042072239121338839e-03
1.751278350736029665e-02
3.597033065301591392e-02
5.447053686680369822e-02
7.289510842595081641e-02
9.091437878273822548e-02
1.084786407620406123e-01
1.255222534405584511e-01
1.419000302749049425e-01
1.575306740868365196e-01
1.722995830611280255e-01
1.860939940715127250e-01
1.986182504795586112e-01
2.099500695349192370e-01
2.199964874733915110e-01
2.286099000128327674e-01
2.358705655142383506e-01
2.415610137532455681e-01
2.457490803124535717e-01
2.483571046786119396e-01
2.493626318224233529e-01
2.487561998271683450e-01
2.465358250134013218e-01
2.427108353840825572e-01
2.372994693822487733e-01
2.303215057481509120e-01
2.218279544259491587e-01
2.117996370140877715e-01
2.005153817325648902e-01
1.878910462670555503e-01
1.740536042364135838e-01
1.592540051781945465e-01
1.433408779045191039e-01
1.264798682672605423e-01
1.087908891990112537e-01
9.039701965122315386e-02
7.141236093540470620e-02
5.207720988035102749e-02
3.238464617715930416e-02
1.230090299390251829e-02
-7.802643954744503674e-03
-2.781723349179543447e-02
-4.762973636729395110e-02
-6.732426102169508653e-02
-8.647369252411074569e-02
-1.050176987091999692e-01
-1.229029211031473778e-01
-1.399754043031418149e-01
-1.561100393620389326e-01
-1.712190784750964312e-01
-1.851726675878087036e-01
-1.978824067231332862e-01
-2.092539187373558818e-01
-2.192059366593541725e-01
-2.276710581668712763e-01
-2.345618718477098241e-01
-2.399814198953960087e-01
-2.437843092183227256e-01
-2.459332556842577233e-01
-2.464461298418871849e-01
-2.452991799293640085e-01
-2.425020834108417844e-01
-2.380694777880192348e-01
-2.320139034105652698e-01
-2.242844835069082166e-01
-2.150480415868765149e-01
-2.043627495617732492e-01
-1.922624692570167326e-01
-1.788438710253075214e-01
-1.641878306659831921e-01
-1.483879040568920615e-01
-1.315299988825779920e-01
-1.137392005648054649e-01
-9.512136586235264701e-02
-7.577594092796058334e-02
-5.589487091602141078e-02
-3.562040753920214797e-02
-1.488590947700352274e-02
6.143829290733648918e-03
2.707190997142738809e-02
4.796571438314600755e-02
6.889673247984973159e-02
8.938649518768126967e-02
1.093714608232447816e-01
1.288235446249395011e-01
1.475717005097099133e-01
1.655296216184893865e-01
1.825741023186298051e-01
1.985305329602837787e-01
2.131676908190165420e-01
2.265286748043671139e-01
2.384387692681038118e-01
2.489805607616766281e-01
2.579059389124918056e-01
2.652481080396880131e-01
2.709084142460138622e-01
