-1.584642447779529562e-01
-1.745152626197352674e-01
-1.888629257213096935e-01
-2.012808898513309686e-01
-2.117100204785113959e-01
-2.200359570420928890e-01
-2.261909346313686342e-01
-2.301709822222424151e-01
-2.319553304714538911e-01
-2.315577910861534860e-01
-2.290165718237560100e-01
-2.243866162201406667e-01
-2.177368065714748724e-01
-2.091655580562878924e-01
-1.987572850493748433e-01
-1.866655431487629357e-01
-1.729580775860828368e-01
-1.578713557368676135e-01
-1.415234887737017999e-01
-1.240929224571498679e-01
-1.057539740878592482e-01
-8.669842901858793027e-02
-6.712118452830040383e-02
-4.715968270458148481e-02
-2.710090628149686154e-02
-6.972013186958392339e-03
1.303675962705952429e-02
3.247660045685130115e-02
5.153620915363887889e-02
6.994194966428679550e-02
8.742135784812532506e-02
1.038728174861738296e-01
1.191347521360626160e-01
1.331531431849626301e-01
1.457689515726023899e-01
1.568407514251060064e-01
1.663873240741295945e-01
1.741207050262811862e-01
1.802090363819495167e-01
1.845101946106133539e-01
1.871951052512272895e-01
1.880217103632162434e-01
1.871597014601498188e-01
1.846008036662443175e-01
1.804161632072336374e-01
1.745144587320766050e-01
1.672216983434857696e-01
1.584872265152590387e-01
1.485930239023680599e-01
1.373898073315391599e-01
1.252681253452152532e-01
1.121258918942302785e-01
9.828256732809848017e-02
8.378838786149245266e-02
6.886148643980405382e-02
5.360903934921346092e-02
3.819908790060466686e-02
2.265093747620561260e-02
7.132298654953572736e-03
-8.236490740289426071e-03
-2.313638588466915280e-02
-3.769088484843052811e-02
-5.172902222478192868e-02
-6.503255965840359920e-02
-7.754725918251992312e-02
-8.919480771980126121e-02
-9.990103814502049318e-02
-1.095553395218882287e-01
-1.181076223905233036e-01
-1.255014424168319209e-01
-1.316944232659711389e-01
-1.366554706753415616e-01
-1.403644022932546420e-01
-1.428122359612462589e-01
-1.440010499940775901e-01
-1.439436698133995662e-01
-1.426633242164516702e-01
-1.401932317716116927e-01
-1.365761144278110351e-01
-1.318636396109731379e-01
-1.261159167932497382e-01
-1.194011261717928818e-01
-1.117946247142498351e-01
-1.033779800569654128e-01
-9.423760876483733284e-02
-8.446339910455868960e-02
-7.415815818878002119e-02
-6.336448495012270143e-02
-5.222875866827969560e-02
-4.087612460687317650e-02
-2.940367281125766397e-02
-1.775041786158837454e-02
-6.158954729599486200e-03
5.377640967951791140e-03
1.658844657340807771e-02
2.761274406343972032e-02
3.824762566940798081e-02
4.850812830863659997e-02
5.828657390132541138e-02
6.750833384840859708e-02
7.606595869992105463e-02
8.393627494713840065e-02
9.105343314558034251e-02
9.735410431489199823e-02
1.028118772966433170e-01
1.073930649872423260e-01
1.110744624381290180e-01
1.138544044853730952e-01
1.157092523158702591e-01
1.166437201190397843e-01
1.166607658494083211e-01
1.157715503333776041e-01
1.139935884699543323e-01
1.113507739259151919e-01
1.078740427217663722e-01
1.035919552503727914e-01
9.856711153559771788e-02
9.284303819272565761e-02
8.648056195936959512e-02
7.954392717397240631e-02
7.207405148212409074e-02
6.416546360762964696e-02
5.586358661338586273e-02
4.726224993263272722e-02
3.834575226314385077e-02
2.920489745393872738e-02
1.986552876603120410e-02
1.045617016490218987e-02
1.060085796009246906e-03
-8.488913962432675930e-03
-1.769245995292756390e-02
-2.684931831192649554e-02
-3.573804008875924865e-02
-4.440440840894055441e-02
-5.269116356111958055e-02
-6.056942750764804373e-02
-6.794868521132357841e-02
-7.480672855451686587e-02
-8.109042943601707520e-02
-8.674762064321939192e-02
-9.176934490992394444e-02
-9.607629632336589509e-02
-9.965207312549750895e-02
-1.024651205765536588e-01
-1.044923781674835794e-01
-1.057164718509131518e-01
-1.061256015661182772e-01
-1.057139539508824555e-01
-1.044817667794433191e-01
-1.024354159871236902e-01
-9.958743062601627116e-02
-9.595643900274453131e-02
-9.156701399891353788e-02
-8.644935338494619259e-02
-8.063902113812204675e-02
-7.414609650406944752e-02
-6.705586203280411439e-02
-5.939912659826163122e-02
-5.125521420538170503e-02
-4.269760884073470208e-02
-3.381640431691579352e-02
-2.457572826474319072e-02
-1.502350088939685691e-02
-5.140757581269639331e-03
4.936104056524115435e-03
1.442571039373774511e-02
2.436402726698716492e-02
3.403837477472571038e-02
4.353943488308686938e-02
5.282988733880245036e-02
6.179748159584619316e-02
7.034639373190465506e-02
7.837774933454433324e-02
8.584812854671675098e-02
9.268105861031017412e-02
9.879152426910664531e-02
1.041343190509369521e-01
1.086540817439178852e-01
1.123053875943842428e-01
1.150625926594184278e-01
1.168804692041014448e-01
1.177409357491452369e-01
1.176254797416866893e-01
1.165250706114910884e-01
1.144387856718562801e-01
1.113744535778664613e-01
1.073383464952399891e-01
1.023787031621825605e-01
9.652469557317999715e-02
8.982811087746966905e-02
8.234855004049990157e-02
7.412571079426832910e-02
6.526194619160108346e-02
5.580427692586731325e-02
4.586046134826027298e-02
3.540651073280720595e-02
2.453888934323344984e-02
1.338275084330220466e-02
1.951299017742158526e-03
-9.596789920870207879e-03
-2.101400707117662137e-02
-3.244011006569280653e-02
-4.367862811856326744e-02
-5.472470258493622453e-02
-6.529483870978225468e-02
-7.539408163859739886e-02
-8.491234898139410348e-02
-9.375798366466803202e-02
-1.018745291607601189e-01
-1.091358708832412816e-01
-1.154863572603321842e-01
-1.208555591619475678e-01
-1.251848774377251061e-01
-1.284247911021942912e-01
-1.305350341517996782e-01
-1.314856212745745268e-01
-1.312570861989605930e-01
-1.298408668828656687e-01
-1.272395767719203263e-01
-1.234671636338209311e-01
-1.185489625816096293e-01
-1.125218307169379983e-01
-1.054337987966675882e-01
-9.734350708234629224e-02
-8.831865195495858245e-02
-7.840136160851685077e-02
-6.771755824462388773e-02
-5.633606906856414298e-02
-4.440106945655308834e-02
-3.200017552978451363e-02
-1.915692519493283896e-02
-6.037760185655827172e-03
7.330841769730866986e-03
2.051685581313300588e-02
3.376169819572361064e-02
4.678149919572049953e-02
5.955649864607437394e-02
7.191458890998347897e-02
8.366564317343616608e-02
9.473784529444095881e-02
1.050209966379149762e-01
1.143880774573524661e-01
1.227800869901560787e-01
1.301066389818696933e-01
1.363015447828530569e-01
1.412031858904381210e-01
1.449282340862101393e-01
1.473047367630648807e-01
1.483289254905777454e-01
1.479994769786969755e-01
1.463033254509706893e-01
1.432674469698902442e-01
1.388998246427632921e-01
1.332416216507983364e-01
1.262519313546928146e-01
1.181552986115068649e-01
1.088940668554680968e-01
9.859119762188939262e-02
8.736934911451932351e-02
7.533703072451558569e-02
6.258214884564239355e-02
4.927419801404120392e-02
3.542379371731740889e-02
2.113066932460938574e-02
6.601967977482914307e-03
-8.108529336142922261e-03
-2.262368212022813907e-02
-3.716992015452191822e-02
-5.144350571662137384e-02
-6.527335652234178553e-02
-7.853946042191495280e-02
-9.113160088478977627e-02
-1.029223857146170928e-01
-1.138206491050013369e-01
-1.236756641585756711e-01
-1.324091358373049587e-01
-1.399285262194176482e-01
-1.461572813902911605e-01
-1.510309517996901718e-01
-1.544974952033690840e-01
-1.565181407547147074e-01
-1.570679610005427662e-01
-1.561361042482545258e-01
-1.537260466585408381e-01
-1.498557025490434569e-01
-1.445573972223748171e-01
-1.378777643858590807e-01
-1.298776727847616996e-01
-1.206315238827713188e-01
-1.102265863357327902e-01
-9.876293060460739071e-02
-8.634953828688018973e-02
-7.306515731619356302e-02
-5.907545992299922943e-02
-4.451985267821534364e-02
-2.959185595369717703e-02
-1.421235051229885471e-02
1.383323933419333684e-03
1.702531320709610441e-02
3.246689576237571373e-02
4.770663005959718816e-02
6.263201149453756500e-02
7.702878931829104658e-02
9.070163681412424239e-02
1.035725275796579581e-01
1.154655875405605769e-01
1.262974223223416459e-01
1.359934734314443006e-01
1.443521744414546504e-01
1.514560516742164964e-01
1.570839780189476897e-01
1.612400334163517357e-01
1.638645737312334205e-01
1.650150151249487607e-01
1.645770186960611170e-01
1.625981571060108877e-01
1.590109318567698438e-01
1.539783766258047137e-01
1.474835925306479112e-01
1.396205731523991744e-01
1.304470292974855283e-01
1.200390373677215905e-01
1.084927604451166872e-01
9.593159605229928388e-02
8.251496636630051285e-02
6.835514066581005466e-02
5.360204094001908004e-02
3.838272063031489267e-02
2.269779137992955498e-02
6.824572685211194312e-03
-9.199051269467517500e-03
-2.500770135041108233e-02
-4.066622481344239759e-02
-5.601178009080420850e-02
-7.077566704094628847e-02
-8.486708226907246910e-02
-9.817185421359653219e-02
-1.105527580807894594e-01
-1.218917955414280385e-01
-1.320666534765759792e-01
-1.409863203066894499e-01
-1.485644886468850956e-01
-1.547289464843579765e-01
-1.594211001299896679e-01
-1.625961966645288470e-01
-1.642241776818718080e-01
-1.642897913080805239e-01
-1.627928308303498994e-01
-1.597482075965839243e-01
-1.551859201681864420e-01
-1.491508989625209836e-01
-1.417027007851103804e-01
-1.329153892651522284e-01
-1.228766126119538171e-01
-1.116866785997334688e-01
-9.945791456719099699e-02
-8.628879249148546648e-02
-7.231670348928709302e-02
-5.767888392303177625e-02
-4.255380904213446058e-02
-2.707125991435788137e-02
-1.123926519253615197e-02
4.603362956997258948e-03
2.032944501733169318e-02
3.598089982835261935e-02
5.125914748581372749e-02
6.615477623981469435e-02
8.038193615483635313e-02
9.386592634002610680e-02
1.064314961012264860e-01
1.179657645713749758e-01
1.283877419188090840e-01
1.376023042724430212e-01
1.454421015633862169e-01
1.519959648899131821e-01
1.570488177812023878e-01
1.606222491638753525e-01
1.626669855740789927e-01
1.631693147231363383e-01
1.621314916097666980e-01
1.595709825295337225e-01
1.555205070922944799e-01
1.500246748735243330e-01
1.431570734599052486e-01
1.349723210106645865e-01
1.255481754200609146e-01
1.149653240564205703e-01
1.033306181373045973e-01
9.080256125572283565e-02
7.751058172027391890e-02
6.356144463584989523e-02
4.914476798591493889e-02
3.426250275478359697e-02
1.905551925063342367e-02
3.732994023815550122e-03
-1.177372189306424843e-02
-2.688958609336644656e-02
-4.185194376830914109e-02
-5.641646606102312944e-02
-7.037572985937678993e-02
-8.363733918396398792e-02
-9.608241327650191010e-02
-1.075933006748215348e-01
-1.180662870099045136e-01
-1.274093394685209546e-01
-1.355196187012666087e-01
-1.423326568883389598e-01
-1.477858575663866247e-01
-1.518315644757795013e-01
-1.544356323390836394e-01
-1.555775284907401357e-01
-1.552506609726904685e-01
-1.534624438840630489e-01
-1.502343091216928883e-01
-1.456016067164664918e-01
-1.396133755424635581e-01
-1.323319633225441549e-01
-1.238324648681707885e-01
-1.142019317179983062e-01
-1.035381742098486768e-01
-9.192751109574892610e-02
-7.949308200335991614e-02
-6.636044429807874678e-02
-5.265635696230930307e-02
-3.855688539953483485e-02
-2.413827986912409074e-02
-9.455374970956498260e-03
5.242662215840354634e-03
1.983280690032529492e-02
3.413068950827025105e-02
4.820720554224600107e-02
6.183766232316934008e-02
7.490770103608213049e-02
8.720691445205908110e-02
9.867108550839276404e-02
1.091880926773551863e-01
1.186390247278161780e-01
1.269592400392109965e-01
1.340978494458333614e-01
1.399766089098779531e-01
1.444640388432727462e-01
1.476109931768334604e-01
1.494473254774213444e-01
1.498621155835913044e-01
1.488977290059718683e-01
1.465660355369688972e-01
1.428961655423144350e-01
1.378398258470490134e-01
1.315501700246528571e-01
1.241239553446114030e-01
1.155497536243981216e-01
1.059450477187269257e-01
9.543417611276261425e-02
8.412544350203354782e-02
7.212117291822650600e-02
5.954446170695604224e-02
4.654969308222334234e-02
3.311071693734390919e-02
1.939675697646592312e-02
5.574215293133732985e-03
-8.568190875941184004e-03
-2.202173750885627612e-02
-3.558342989153651104e-02
-4.868146479442003738e-02
-6.140452148168407120e-02
-7.340180574867538610e-02
-8.470470876416946737e-02
-9.519458312293238578e-02
-1.047630342085827948e-01
-1.133402586734746365e-01
-1.208271358820400820e-01
-1.271714594983990310e-01
-1.323291669674659943e-01
-1.362348068887992980e-01
-1.388680070216317120e-01
-1.402063795308272631e-01
-1.402425258460873181e-01
-1.389812574007009971e-01
-1.364395066777301935e-01
-1.326463917912832358e-01
-1.276429467019681852e-01
-1.214817637463845301e-01
-1.142264101063954485e-01
-1.059313852446788218e-01
-9.670391039593440041e-02
-8.660663568479520791e-02
-7.575732750554031725e-02
-6.424551528393251942e-02
-5.220725989079078033e-02
-3.977831752754568129e-02
-2.702442574392449615e-02
-1.397977720157683734e-02
-8.751305718934787592e-04
1.227980742822687432e-02
2.523142773383213466e-02
3.796881366494986310e-02
5.029348587061654996e-02
6.224700804376581686e-02
7.363230807875709161e-02
8.428213415929164398e-02
9.416656953039037603e-02
1.031615669696357429e-01
1.111747889031775571e-01
1.181472853859801830e-01
1.240161671278201538e-01
1.287486477385755279e-01
1.322910265794021711e-01
1.346219471997969208e-01
1.357230809120544279e-01
1.355873225122028458e-01
1.342184960565635521e-01
1.316312793522023128e-01
1.278516819914834457e-01
1.229178557320658172e-01
1.168794349489203910e-01
1.097940567097630549e-01
1.017541567290329851e-01
9.284080985565523747e-02
8.315567818395841471e-02
7.276529322880165296e-02
6.180776465624582272e-02
5.039044298984762804e-02
3.850415463714540465e-02
2.627367643599676228e-02
1.385721384169968928e-02
1.335908859129375514e-03
-1.115769810387590155e-02
-2.350261780389573119e-02
-3.561102419338091352e-02
-4.738216447264420594e-02
-5.880707886677782881e-02
-6.958477851003408432e-02
-7.971133836094246305e-02
-8.909484747153051387e-02
-9.765110792949371898e-02
-1.052988615100307612e-01
-1.119842588762232083e-01
-1.176238042392174776e-01
-1.221823037977394222e-01
-1.256161204577139756e-01
-1.278965083145759962e-01
-1.290049651762448235e-01
-1.289337265388628140e-01
-1.276860389262175488e-01
-1.252760378458539492e-01
-1.217286269795785358e-01
-1.170794202774843029e-01
-1.113744567686367759e-01
-1.046697570788790443e-01
-9.703078650153784679e-02
-8.851097842776667335e-02
-7.921362425606126578e-02
-6.921006000361629162e-02
-5.860927189286613270e-02
-4.754091908211144357e-02
-3.611905896928746529e-02
-2.426666727558846048e-02
-1.225067291600012709e-02
-1.712424915130128511e-04
1.182360371504742602e-02
2.386853646681075247e-02
3.561223894680232149e-02
4.703440304709261000e-02
5.811469860937812371e-02
6.871088346676756942e-02
7.864454442929336153e-02
8.790945343963052494e-02
9.636305700840530619e-02
1.039570002803777982e-01
1.105911531898886579e-01
1.162216812794163445e-01
1.207953794378049395e-01
1.242724589923440703e-01
1.266367840435016490e-01
1.278534604454879542e-01
1.279190909104723772e-01
1.268325303975075258e-01
1.246046113061041183e-01
1.212569806828316388e-01
1.168132946707434172e-01
1.113365198207780793e-01
1.048759063051463158e-01
9.750294897018108031e-02
8.929777531089300169e-02
8.031917363238427754e-02
7.068290864359383363e-02
6.045492140698982553e-02
4.977703344397710339e-02
3.860770825042969534e-02
2.708218525366312690e-02
1.534014392712634844e-02
3.392901318637342456e-03
-8.682389162592230036e-03
-2.032392950131267639e-02
-3.203441174458632190e-02
-4.337784325026738941e-02
-5.441192213477030748e-02
-6.492210903383899279e-02
-7.483461940397795331e-02
-8.406798099735013352e-02
-9.253730603962040391e-02
-1.001705584551686457e-01
-1.068933818987716222e-01
-1.126596136158468653e-01
-1.173907554389010954e-01
-1.210583987097599845e-01
-1.236245629518144540e-01
-1.250660230196114497e-01
-1.253695348481329574e-01
-1.245322068769088020e-01
-1.225617916561319021e-01
-1.194766147967456504e-01
-1.153054919280975810e-01
-1.100875323706329567e-01
-1.038718153661193355e-01
-9.669978567985282325e-02
-8.865711213853799677e-02
-7.980668221100550852e-02
-7.022827313058854770e-02
-6.002486323247424593e-02
-4.931829795675035655e-02
-3.823252401917898169e-02
-2.667528601236668351e-02
-1.489539768175163204e-02
-2.939034983659993827e-03
9.222001921916245237e-03
2.088923307928247652e-02
3.271577338500186727e-02
4.415272677696790993e-02
5.530376541224413245e-02
6.600304333788997724e-02
7.615637411834974557e-02
8.560841614974989966e-02
9.432090123957337369e-02
1.021758677832167450e-01
1.091346915208131207e-01
1.150920210240293784e-01
1.200124928867882801e-01
1.238456725357597321e-01
1.265560814819473023e-01
1.281325271163105128e-01
1.285431636338980610e-01
1.277902206843108956e-01
1.258776553791189912e-01
1.228090072241663222e-01
1.186343730748724568e-01
1.133854966058063241e-01
1.071183701210909334e-01
9.989882563064256260e-02
9.180427887918440888e-02
8.289060294940675533e-02
7.327732180092283443e-02
6.303323501956725750e-02
5.229278055881891873e-02
4.102484804987049927e-02
2.934994552419212255e-02
1.741664079787597075e-02
5.356280752021547187e-03
-7.106465739628475831e-03
-1.896111290063196009e-02
-3.103288138048654332e-02
-4.269844147890644592e-02
-5.410472839032109960e-02
-6.505966348933966970e-02
-7.533514269798402552e-02
-8.498118816070565629e-02
-9.384930353006915027e-02
-1.018748057083467273e-01
-1.089760932853742759e-01
-1.151023224148239876e-01
-1.201677393114994885e-01
-1.241398524310639573e-01
-1.269755648491397437e-01
-1.286472752687810583e-01
-1.291378066830652926e-01
-1.284408436749426841e-01
-1.265612871888492919e-01
-1.235152239734187418e-01
-1.193298826024111747e-01
-1.140434738506410639e-01
-1.077048962178679403e-01
-1.003565890643685066e-01
-9.208497413142247012e-02
-8.295549663506562865e-02
-7.305103748613994696e-02
-6.247608105554469660e-02
-5.135200032341913357e-02
-3.982514989739271982e-02
-2.779033818532994360e-02
-1.550604298232727274e-02
-2.993608144601367371e-03
9.690463649576486205e-03
2.202485963509381861e-02
3.439841983734659436e-02
4.641168987868837803e-02
5.812173342416215860e-02
6.937344273819334717e-02
8.002755430594987729e-02
8.995580742951503339e-02
9.909841179968381653e-02
1.073541638359696293e-01
1.146231428651702799e-01
1.208502243482278971e-01
1.259728347672961490e-01
1.299423596241648937e-01
1.327368869156924092e-01
1.343110819871320416e-01
1.346559258687776151e-01
1.337640594698186192e-01
1.316411766590235288e-01
1.283046254757866933e-01
1.237699164365313464e-01
1.181044419362198283e-01
1.113544361959490914e-01
1.035931393161870773e-01
9.490395864927592129e-02
8.534849406459521504e-02
7.505947098497500747e-02
6.410969048620884791e-02
5.263808564726701889e-02
4.061947213250505229e-02
2.818581352342341972e-02
1.549773506149776381e-02
2.580733855534589338e-03
-1.045188155366005844e-02
-2.316973561231350232e-02
-3.584548367878426234e-02
-4.818528946294797777e-02
-6.020143196709781819e-02
-7.161248460432290130e-02
-8.237123819811742464e-02
-9.238435000349021209e-02
-1.015637651873255720e-01
-1.098111889509603145e-01
-1.170513871814105045e-01
-1.232257775757421570e-01
-1.282531773673234454e-01
-1.320974723362304815e-01
-1.347170291503534401e-01
-1.360857108624866640e-01
-1.361888344760053826e-01
-1.350235552587442101e-01
-1.325991590120025876e-01
-1.289370148890398582e-01
-1.240704949334983098e-01
-1.180447623523335210e-01
-1.109164179867399014e-01
-1.027359634370696995e-01
-9.359863398977452675e-02
-8.357900851583544011e-02
-7.276829445256360884e-02
-6.128422782839137994e-02
-4.926657675069456843e-02
-3.682243471218882291e-02
-2.390030882796878586e-02
-1.077722263854141715e-02
2.456577772015577921e-03
1.574526214245253186e-02
2.881775030977529184e-02
4.173501662837786341e-02
5.427856746291581658e-02
6.644743005839792716e-02
7.805532612114340907e-02
8.892707591228088404e-02
9.903231123082001375e-02
1.082313880505392234e-01
1.164284072607628673e-01
1.235557974947774085e-01
1.295441105678083460e-01
1.343372587578031130e-01
1.379096845270471050e-01
1.402060883146312165e-01
1.412133997841085176e-01
1.409182458288711359e-01
1.393207694732438995e-01
1.364332605093849793e-01
1.322806784147676495e-01
1.269005986121580776e-01
1.203353878229940221e-01
1.126719432362719431e-01
1.039821284819222313e-01
9.436327943922329098e-02
8.388887328390026710e-02
7.269187299595891716e-02
6.088731019622883878e-02
4.853290820286737528e-02
3.568730769414507620e-02
2.247708374161838663e-02
9.079804390765389144e-03
-4.508615813049843268e-03
-1.798241282342694092e-02
-3.121980267725632530e-02
-4.429897413135108764e-02
-5.702411668772811026e-02
-6.927116786255815839e-02
-8.077286332541611102e-02
-9.159858015061850267e-02
-1.015650878267120305e-01
-1.106022269693607285e-01
-1.186187487698298071e-01
