-3.087914971164700262e-01
-2.780097903699974005e-01
-2.430244971150408162e-01
-2.054622667135994618e-01
-1.649447914531485537e-01
-1.221032563431512230e-01
-7.754053756012613263e-02
-3.189501272787476083e-02
1.426074379548758486e-02
6.059691210615447687e-02
1.061355520874927016e-01
1.503364323623790355e-01
1.924492650997180476e-01
2.324601401949579760e-01
2.689029407487604217e-01
3.020620291244853206e-01
3.311090778401735157e-01
3.557174260838169566e-01
3.754556846699177441e-01
3.899608437472994460e-01
3.993115208504889324e-01
4.032660389613118568e-01
4.018151485262655420e-01
3.949995385534150749e-01
3.829259943003830990e-01
3.657699511555514427e-01
3.439172354437110002e-01
3.174526590035897655e-01
2.867471139754718124e-01
2.520936062109409015e-01
2.140732825384077387e-01
1.730559701696514630e-01
1.298822619215451724e-01
8.486156050346593815e-02
3.836617380712414871e-02
-8.614885959935314474e-03
-5.604738610288340084e-02
-1.025058471857054343e-01
-1.477201996950374685e-01
-1.911088329096721772e-01
-2.320551416695266767e-01
-2.698145197576558019e-01
-3.039645069427319157e-01
-3.338793689910977136e-01
-3.595545621310343165e-01
-3.802051019353145378e-01
-3.956567089879259314e-01
-4.056541328631366738e-01
-4.102185794349226811e-01
-4.092586296848654825e-01
-4.028685413660930692e-01
-3.911290143774146522e-01
-3.743772407236072297e-01
-3.527142822410538336e-01
-3.264066956828255428e-01
-2.958356592703292876e-01
-2.610520407792069619e-01
-2.230268556224581644e-01
-1.819637134069003181e-01
-1.384507220795607729e-01
-9.290764532152007149e-02
-4.609362900935565222e-02
1.504593312191548904e-03
4.912379011272705043e-02
9.651133019167446037e-02
1.424719478379739002e-01
1.867713819680965059e-01
2.287259969409225491e-01
2.672124335875354362e-01
3.024557585700975437e-01
3.335811216729966944e-01
3.602525926526292110e-01
3.819681460416579633e-01
3.983337160020479217e-01
4.094299442934392630e-01
4.149832750736228704e-01
4.149583752767096456e-01
4.093862018107961021e-01
3.983626587641766470e-01
3.820508419598476202e-01
3.606695632599645762e-01
3.347092895339063290e-01
3.042136151642842457e-01
2.695748564606788023e-01
2.313308602247232670e-01
1.898525740197318790e-01
1.461364722897364743e-01
1.000165341808560981e-01
5.250587458251576578e-02
4.222883313771852443e-03
-4.449733619364160120e-02
-9.256517821938370361e-02
-1.395857184978104293e-01
-1.848325417008340743e-01
-2.277211127171967497e-01
-2.674873505319488309e-01
-3.037133017809918734e-01
-3.356356566773497363e-01
-3.633163399183358955e-01
-3.859032469036112190e-01
-4.031912569216435926e-01
-4.148471311417862850e-01
-4.208900054557584980e-01
-4.214544305084158005e-01
-4.163119360426885684e-01
-4.055331147904452926e-01
-3.895022319999190685e-01
-3.685311225328256057e-01
-3.426940214599216716e-01
-3.123576361676176916e-01
-2.779551201654411052e-01
-2.396506503553688106e-01
-1.982708194739855045e-01
-1.541567970331070292e-01
-1.078622249419809442e-01
-6.005593302555078949e-02
-1.137576952973384792e-02
3.782544806078824706e-02
8.655418959809590973e-02
1.341592170648020499e-01
1.803114440658841744e-01
2.238814554946397806e-01
2.643506027515849510e-01
3.015053393367290724e-01
3.345560650970100802e-01
3.631744688847735603e-01
3.867709902294902413e-01
4.049159485245952261e-01
4.177065944030249334e-01
4.248185161702933144e-01
4.262159549337920517e-01
4.219010707629178292e-01
4.119626044120452413e-01
3.965563395657021317e-01
3.758967064619951337e-01
3.502329616927304379e-01
3.201926279103664008e-01
2.857036989280992145e-01
2.473764559309752364e-01
2.055954887266682185e-01
1.610533648809973073e-01
1.144628394999234189e-01
6.606147477506052468e-02
1.668118122302653106e-02
-3.305336910871092826e-02
-8.267285563897885936e-02
-1.312509287334862051e-01
-1.781138112259825768e-01
-2.227438178737517482e-01
-2.643788902762613802e-01
-3.024452965973094543e-01
-3.362345472176189176e-01
-3.657660107463627241e-01
-3.901606865704017046e-01
-4.091830623804280087e-01
-4.224094811294727414e-01
-4.299929710490841828e-01
-4.319455062943728940e-01
-4.280447504265292302e-01
-4.184132714019317412e-01
-4.031237212507101653e-01
-3.826980093434495522e-01
-3.574388638474164104e-01
-3.274390414879708722e-01
-2.931434510742079169e-01
-2.546764893583377543e-01
-2.130810560437330636e-01
-1.685529145681403662e-01
-1.216668700246410495e-01
-7.304444061995152282e-02
-2.339877741938245492e-02
2.671551621216572414e-02
7.681368250120446106e-02
1.258557873459151821e-01
1.735392485689768449e-01
2.189023649123207349e-01
2.609555281958089168e-01
2.998352042020031583e-01
3.347371234205178681e-01
3.650562838572986024e-01
3.903944676963808647e-01
4.101801037526744409e-01
4.245454384473559273e-01
4.331228360458116988e-01
4.358601182890726733e-01
4.327440059485576640e-01
4.238592657478728043e-01
4.093361501589782847e-01
3.893986002584219897e-01
3.642898616207532747e-01
3.346134788213661615e-01
3.003383772771219817e-01
2.620268769293807587e-01
2.200801511743777361e-01
1.751338587294197779e-01
1.279902511533754783e-01
7.903173965769028086e-02
2.864059621131209710e-02
-2.213869335412077533e-02
-7.306483294461152411e-02
-1.229450099143312158e-01
-1.712757370085022934e-01
-2.174614725676700111e-01
-2.607367134979190482e-01
-3.005049213379411555e-01
-3.360009967498873706e-01
-3.672336377406160146e-01
-3.933071121604325704e-01
-4.139507185757738128e-01
-4.286606922766154071e-01
-4.376828222812498836e-01
-4.408932524306048428e-01
-4.382219815645256311e-01
-4.296386776553711151e-01
-4.152490106969644046e-01
-3.954347835599492100e-01
-3.707780707662289288e-01
-3.411669875864595802e-01
-3.070731663560737346e-01
-2.686149853923769371e-01
-2.269074999518307933e-01
-1.821090317162936678e-01
-1.347616264146611620e-01
-8.548176871724688652e-02
-3.499749777034910636e-02
1.600928157296888088e-02
6.723610994410655906e-02
1.175714325299015428e-01
1.664440497536876507e-01
2.131692915418939016e-01
2.568761836284854105e-01
2.972782258284012435e-01
3.337852146417765731e-01
3.657266990164540488e-01
3.926850202503908704e-01
4.140089229662571313e-01
4.298727192468247971e-01
4.398605768321219855e-01
4.438966575110114832e-01
4.419703096693265998e-01
4.341391300322179347e-01
4.205283591131263599e-01
4.013571075191255666e-01
3.768634575599207892e-01
3.473464085769002452e-01
3.135433760041732576e-01
2.752507186682064955e-01
2.333159646846882929e-01
1.881149178166907632e-01
1.405870307759986559e-01
9.104672435663951902e-02
3.993303984155360808e-02
-1.168844114084688357e-02
-6.377477369445516686e-02
-1.147959711846300301e-01
-1.643551364410757998e-01
-2.119128579967468617e-01
-2.566385147613177153e-01
-2.979483438779619853e-01
-3.353056520672024199e-01
-3.678203279509686396e-01
-3.954842644856868539e-01
-4.176240199480556470e-01
-4.337147508010650299e-01
-4.440578044115546241e-01
-4.484971393210956947e-01
-4.468873135575766042e-01
-4.392770261281424560e-01
-4.257902153422397085e-01
-4.066458518468292205e-01
-3.822838104698229600e-01
-3.531830142578540332e-01
-3.193639231855147642e-01
-2.813878758494934296e-01
-2.394952629365540986e-01
-1.944586103328953541e-01
-1.468185567977613459e-01
-9.703097024407503213e-02
-4.587917086445969517e-02
6.036151923331178892e-03
5.796804338521654998e-02
1.094880654202357029e-01
1.594671558137199519e-01
2.074576103778449365e-01
2.528747718420856216e-01
2.944780933005763934e-01
3.324382369325418196e-01
3.658460249212853732e-01
3.942822588241261528e-01
4.170083069841261647e-01
4.342477804493127813e-01
4.455372519180458291e-01
4.507780032291024419e-01
4.499565153686853058e-01
4.431130543373820174e-01
4.303714644127034639e-01
4.119341880208162721e-01
3.880402886364255899e-01
3.589848503045232064e-01
3.255056858681966148e-01
2.874011261734090716e-01
2.454833941980751888e-01
2.001608417076061741e-01
1.523053599304247108e-01
1.022499398081788691e-01
5.057527763929847708e-02
-1.813762810066954501e-03
-5.448608769603424662e-02
-1.065711258777350956e-01
-1.573374941919625236e-01
-2.060666861993198928e-01
-2.520956984626092634e-01
-2.946679102147706786e-01
-3.335418804973411255e-01
-3.675612331621600504e-01
-3.965738692884164251e-01
-4.201257779700262596e-01
-4.379031420959660359e-01
-4.493139442119367111e-01
-4.549483061860706279e-01
-4.544467850797180297e-01
-4.478275310457915381e-01
-4.352181236600833891e-01
-4.168262029461220486e-01
-3.930032721670673190e-01
-3.643992889024727511e-01
-3.309199645945555268e-01
-2.930805945152838987e-01
-2.515092542759798100e-01
-2.060614899072894524e-01
-1.582603125592427773e-01
-1.081010250442968612e-01
-5.638316918975405656e-02
-3.823934113389881873e-03
4.909128451922661895e-02
1.014614837070637599e-01
1.524834946876985065e-01
2.017302166649974637e-01
2.481911799463976109e-01
2.911666107188368713e-01
3.304324766176338635e-01
3.651716894368015609e-01
3.950026593561459798e-01
4.190458900729434610e-01
4.375904691304359773e-01
4.501288478654981162e-01
4.565412910960811033e-01
4.567962532693727873e-01
4.509318324693283309e-01
4.390648971662867162e-01
4.213803760626024797e-01
3.981176608107963588e-01
3.695676414976794000e-01
3.364645547054565533e-01
2.986173117222570284e-01
2.568005402309152529e-01
2.114247703943865631e-01
1.635354648491165186e-01
1.129796431966152426e-01
6.090120304150925534e-02
7.884109260181570988e-03
-4.544999241592062589e-02
-9.841222226563850484e-02
-1.501561714553902860e-01
-1.999720038037740011e-01
-2.472213532350888698e-01
-2.910810381283446269e-01
-3.312112466724888016e-01
-3.665535775304991084e-01
-3.968979025586669707e-01
-4.217699245134989283e-01
-4.408115700068271359e-01
-4.534242202475855521e-01
-4.601843794855176029e-01
-4.607419233898828459e-01
-4.550932360464354787e-01
-4.433555033302338799e-01
-4.257294511383657998e-01
-4.028624044961253148e-01
-3.746478481936370564e-01
-3.415579594136368691e-01
-3.039876855054082228e-01
-2.625484173631775775e-01
-2.173501585388071256e-01
-1.692607656210478595e-01
-1.188641698165056049e-01
-6.672777699941656593e-02
-1.365177389613680958e-02
3.977990546129950289e-02
9.306755097542396271e-02
1.449941900678766160e-01
1.953574019979757992e-01
2.429009990215775794e-01
2.870410466369812674e-01
3.275364027502902786e-01
3.636372530554652371e-01
3.947252225134039172e-01
4.200521516109314568e-01
4.398707849578262774e-01
4.536415039233934188e-01
4.612258827963047203e-01
4.625779476190072792e-01
4.577226147048421012e-01
4.467673485849315007e-01
4.298880408058023406e-01
4.073188659295197134e-01
3.793474438943693627e-01
3.463059305922135955e-01
3.090394907243245726e-01
2.673855299245664341e-01
2.220493279576265522e-01
1.737533681647276396e-01
1.229041454688242219e-01
7.065454836091422663e-02
1.709982570705292915e-02
-3.680003362832318103e-02
-9.051942080820429837e-02
-1.431444835064930032e-01
-1.938821685136220552e-01
-2.421459712365243711e-01
-2.871550000234592837e-01
-3.282108891772934633e-01
-3.648814271791733788e-01
-3.964185707077918508e-01
-4.224970711675566371e-01
-4.427144524005979243e-01
-4.568359360823976978e-01
-4.644572174755263738e-01
-4.660338408845356994e-01
-4.613331639799955752e-01
-4.504481084745952657e-01
-4.335816103037970493e-01
-4.113734288300419095e-01
-3.836330599857200596e-01
-3.509247523821223957e-01
-3.137042283883291205e-01
-2.724584857785847802e-01
-2.272928297177223556e-01
-1.791913612584279392e-01
-1.286051822331497618e-01
-7.615572097001610530e-02
-2.265473574187737427e-02
3.132695925797035486e-02
8.528800022269233949e-02
1.380213649648553975e-01
1.891483673213061323e-01
2.376878785940830241e-01
2.828775732754449379e-01
3.244214806441929611e-01
3.616467308891180288e-01
3.938876540315363606e-01
4.203494992390366392e-01
4.413090039234419670e-01
4.561920416089058072e-01
4.648442801273779956e-01
4.672037513438307421e-01
4.632845183563514269e-01
4.531829507061355677e-01
4.370678599814890042e-01
4.151664235293606176e-01
3.877627067816935558e-01
3.551874846132241359e-01
3.182880438352100327e-01
2.768763625460946010e-01
2.316591026463910019e-01
1.833448455257120635e-01
1.328371582757177372e-01
8.015435978820706353e-02
2.622022998776740721e-02
-2.818069735212835880e-02
-8.259045726030711521e-02
-1.358776426919474645e-01
-1.874330921425677587e-01
-2.366053984790963405e-01
-2.826070229843868908e-01
-3.247641268053693686e-01
-3.625726957432524600e-01
-3.952119821948976153e-01
-4.224459677472323094e-01
-4.437895320875098193e-01
-4.590063293767947528e-01
-4.676711667064079592e-01
-4.702352243823528788e-01
-4.664644176016263799e-01
-4.564424496104582119e-01
-4.403572815257810191e-01
-4.188417323250397395e-01
-3.916591518675174299e-01
-3.594538455734594962e-01
-3.226200545585937718e-01
-2.816151622425620005e-01
-2.366628564782451427e-01
-1.886110707232089290e-01
-1.379474329367327279e-01
-8.531158931358540087e-02
-3.148418581063605615e-02
2.290158504443606802e-02
7.741093306204449576e-02
1.308191867035732869e-01
1.827079285293495836e-01
2.321759630079349712e-01
2.785501530925031943e-01
3.208904323264056835e-01
3.591651616101971811e-01
3.924788274853456826e-01
4.200069186113677411e-01
4.420497116501391766e-01
4.579927392260336738e-01
4.676735639654387988e-01
4.710133685754844812e-01
4.680118878945922489e-01
4.587572326491322627e-01
4.434087777859248014e-01
4.221876388673222458e-01
3.953751329885619725e-01
3.632961667027316821e-01
3.268040433618222274e-01
2.856908562510720451e-01
2.406552531247814208e-01
1.923931791284383408e-01
1.416977701222807973e-01
8.890085226670763063e-02
3.466049638018775525e-02
-2.007677696977427928e-02
-7.499841962823694530e-02
-1.289171015002064102e-01
-1.812286810108214574e-01
-2.311782544935643280e-01
-2.780936623552188180e-01
-3.211538311737798246e-01
-3.600489261966650645e-01
-3.936758359692928977e-01
-4.219658016340868123e-01
-4.446321755622641980e-01
-4.610491147272495205e-01
-4.709685597986323913e-01
-4.742433462993389526e-01
-4.713869639628605057e-01
-4.621966196998839038e-01
-4.472469983912610303e-01
-4.261788661811727330e-01
-3.998332096585617279e-01
-3.683905821764064115e-01
-3.316535552090615901e-01
-2.908741308434734663e-01
-2.461160445099994654e-01
-1.981173159233300396e-01
-1.473654238117099169e-01
-9.452542915011630242e-02
-4.035923048048317696e-02
1.444959301930648365e-02
6.910337203727046074e-02
1.234583196767986557e-01
1.759787406210322480e-01
2.259769427350102333e-01
2.735970728849812517e-01
3.169056086255608307e-01
3.561756467398780046e-01
3.906587565312182875e-01
4.192403842793370750e-01
4.424056860916820710e-01
4.594530499759983400e-01
4.702075898765696316e-01
4.745775025677527736e-01
4.725489255684198753e-01
4.641969312146989601e-01
4.496725695986358851e-01
4.291907365678473418e-01
4.030272851147342905e-01
3.715029634003710335e-01
3.354763894023085058e-01
2.947174793892557432e-01
2.499198736218830597e-01
2.017636379608016561e-01
1.510973062197633610e-01
9.828571368168770306e-02
4.373406063121620946e-02
-1.133510179071395285e-02
-6.673372219315210074e-02
-1.212545993926985588e-01
-1.742505063686397015e-01
-2.250152946000030241e-01
-2.727287389665153938e-01
-3.168204976434889630e-01
-3.567377000208038496e-01
-3.914250804191303779e-01
-4.208156500999966632e-01
-4.445814865701787078e-01
-4.620880431855969306e-01
-4.730615331598446716e-01
-4.773423856802905263e-01
-4.754425663730792451e-01
-4.671550563818831492e-01
-4.530434901763897848e-01
-4.327296122063590822e-01
-4.070416995227059687e-01
-3.759407452166869668e-01
-3.398561780991333769e-01
-2.993814841587090214e-01
-2.551540084758237015e-01
-2.072663159020318169e-01
-1.565081578545610697e-01
-1.036414435721852989e-01
-4.928600857188758511e-02
5.904422815746990238e-03
6.140766044884937713e-02
1.160532092780952595e-01
1.692077144179640058e-01
2.202981479298462553e-01
2.683856806676785389e-01
3.127943223987688093e-01
3.529434447727388680e-01
3.884255807531800109e-01
4.181731990964192569e-01
4.422797689301907198e-01
4.603645882179701054e-01
4.721297223077844940e-01
4.774692032070313452e-01
4.763633440329191338e-01
4.688728893850080404e-01
4.551415247062986502e-01
4.353768130597699404e-01
4.098489936097156061e-01
3.788738392417076994e-01
3.433179897560836302e-01
3.029284424014955235e-01
2.583960461690870680e-01
2.103879691482535286e-01
1.597620664699594961e-01
1.068294969265717320e-01
5.212974793654900907e-02
-3.257265785718388429e-03
-5.896077557408752057e-02
-1.139969427207421226e-01
-1.676095171625093805e-01
-2.190654128360982611e-01
-2.675700692367639633e-01
-3.124931952127623092e-01
-3.533683845629749243e-01
-3.890129636095509547e-01
-4.194066277760417627e-01
-4.441782888284473430e-01
-4.626807766121792120e-01
-4.746331652764603781e-01
-4.802597310113112528e-01
-4.790413825598371922e-01
-4.720288073969327591e-01
-4.585061083405790328e-01
-4.392312478034194889e-01
-4.141022675512298079e-01
-3.837972600633996478e-01
-3.480032698216724008e-01
-3.079487241828648969e-01
-2.640048891505522022e-01
-2.161377204798915486e-01
-1.654711063583214070e-01
-1.125597987877635653e-01
-5.799439129638539470e-02
-2.471582506666347712e-03
5.336050073703679786e-02
1.086435504119180884e-01
1.623718963510811797e-01
2.142879672091728693e-01
2.631981035299011396e-01
3.085446274535428302e-01
3.495756913308021296e-01
3.860529263024217173e-01
4.168192159822319276e-01
4.419414892273869633e-01
4.610559344344165034e-01
4.738276798720848504e-01
4.801421913525540930e-01
4.799648677214607417e-01
4.733452240724425053e-01
4.604179229725744449e-01
4.413845401700546844e-01
4.165086980274588235e-01
3.861029287063066917e-01
3.510977728673045917e-01
3.110671416232055897e-01
2.668266922471485003e-01
2.192009967900028222e-01
1.685393470549674255e-01
1.155347856796420380e-01
6.072457059975189253e-02
5.052592069948236286e-03
-5.111805400443092395e-02
-1.065611962188603989e-01
-1.607970141713028767e-01
-2.129180368431078385e-01
-2.622022082392572173e-01
-3.080451055515620595e-01
-3.498191248686000066e-01
-3.864297910669294289e-01
-4.178331684206142427e-01
-4.438169555081330486e-01
-4.631840606603332411e-01
-4.764633354941003596e-01
-4.829486677482761614e-01
-4.830328350585930686e-01
-4.766830711666640852e-01
-4.639858976597062146e-01
-4.454633869827495651e-01
-4.209849788759365552e-01
-3.910371212182539580e-01
-3.558688478119171883e-01
-3.161534301304116390e-01
-2.724866821385840687e-01
-2.248431769343595121e-01
-1.741357105442156161e-01
-1.212045437623192612e-01
-6.648409716856473750e-02
-1.073768399236429971e-02
4.524433763116153528e-02
1.009959971148322033e-01
1.554041355991397921e-01
2.079651342745547637e-01
2.576442673627972191e-01
3.039197135546096717e-01
3.457113619619964773e-01
3.831981380069691134e-01
4.153654284335588365e-01
4.412436776039099229e-01
4.614154015594644775e-01
4.752051213972685595e-01
4.824983069768129518e-01
4.832618400845483109e-01
4.775296006986184949e-01
4.654258072663122192e-01
4.471454393775524672e-01
4.229474211507793235e-01
3.931346806260220816e-01
3.582480285664191300e-01
3.188735828516815474e-01
2.749185645964415947e-01
2.274629984963061347e-01
1.769059381492561478e-01
1.238569420849322533e-01
6.898131264734930213e-02
1.309942641743733205e-02
-4.347615218184275321e-02
-9.939184088522612370e-02
-1.541412872789980071e-01
-2.068684221353760400e-01
-2.568761311973974948e-01
-3.036031552873641459e-01
-3.462074619268218356e-01
-3.837296474395999191e-01
-4.160898369206114111e-01
-4.429147184851416341e-01
-4.633473774148648694e-01
-4.775485528049694395e-01
-4.849511523626723886e-01
-4.859186924775156236e-01
-4.804074651849692401e-01
-4.684905160941639224e-01
-4.506914761816664949e-01
-4.268611410220457536e-01
-3.974536996408635225e-01
-3.631539925953903847e-01
-3.235996443095223718e-01
-2.803118888513562723e-01
-2.329336662417120785e-01
-1.824628605658729086e-01
-1.294647619060862453e-01
-7.469196574676084666e-02
-1.877603352005641213e-02
3.748182045965764431e-02
9.374763562969512520e-02
1.486318692088612892e-01
2.017711527879146871e-01
2.521259882859365753e-01
2.992375580487678377e-01
3.419212679066521154e-01
3.802101451964361445e-01
4.133080063765230960e-01
4.402829860917449878e-01
4.613088554528603780e-01
4.760544666858352869e-01
4.842761038182961109e-01
4.859286191484981643e-01
4.810429299819816151e-01
4.697305704143022176e-01
4.521810650425948097e-01
4.286441759674670671e-01
3.994181014045814493e-01
3.650501276812225804e-01
3.261143014332708034e-01
2.825000904113292854e-01
2.352643216572136708e-01
1.850902368802058717e-01
1.316492285608004131e-01
7.696431193621977584e-02
2.086937273687938799e-02
-3.564607312597845024e-02
-9.214332542977876628e-02
-1.473425222965047965e-01
-2.006851741313862014e-01
-2.513074952528615569e-01
-2.987258761982798383e-01
