8.814118355007849459e-02
7.015759667989840409e-02
5.088811590184505462e-02
3.089310415596457915e-02
1.048745038528942075e-02
-9.978391743889147847e-03
-3.032229583608270218e-02
-4.991167622992875863e-02
-6.870769431780132663e-02
-8.625359679159316784e-02
-1.022845524735078726e-01
-1.165137513178979844e-01
-1.287293104469711125e-01
-1.387285156002224795e-01
-1.463535066307528609e-01
-1.514847814559097117e-01
-1.540453059810040770e-01
-1.540011954866660204e-01
-1.513613273345644217e-01
-1.461783348771970026e-01
-1.385469518913922116e-01
-1.286026486452822581e-01
-1.165193985469947791e-01
-1.025079974804867788e-01
-8.681489589901048021e-02
-6.969907605351366442e-02
-5.146729224584944973e-02
-3.237951362623903151e-02
-1.277356031630105804e-02
6.999383271363512904e-03
2.675331310712536492e-02
4.595328919596042283e-02
6.439793814469041422e-02
8.173281874720217388e-02
9.770632949661361977e-02
1.120089212815535973e-01
1.244243712086188225e-01
1.347461591031819950e-01
1.428208104438386528e-01
1.484948697765346992e-01
1.516826291940507332e-01
1.522589192035379568e-01
1.503071620840952249e-01
1.458433319397514083e-01
1.390225538675444739e-01
1.298963381356248448e-01
1.186177266913741590e-01
1.053860089449649706e-01
9.043311938718190390e-02
7.400256524545767434e-02
5.638062944938226906e-02
3.783855691215975980e-02
1.870180152693201592e-02
-7.096914726023584308e-04
-2.010300846179191581e-02
-3.919040895283742998e-02
-5.754688894059256654e-02
-7.505884483463631796e-02
-9.126225725377956621e-02
-1.059518519532023362e-01
-1.188663371191829299e-01
-1.298060762937947032e-01
-1.385893607379333758e-01
-1.450755469233371286e-01
-1.491605722076876361e-01
-1.507805073795900341e-01
-1.499122321932659929e-01
-1.465737589437487998e-01
-1.408238810190400869e-01
-1.327612941937470481e-01
-1.225233806528702729e-01
-1.102843976223724098e-01
-9.625318285146278185e-02
-8.067340677832568474e-02
-6.379012850563725578e-02
-4.588602688002652030e-02
-2.722472651296925505e-02
-8.160949709481002401e-03
1.101843868827856454e-02
3.018641738086103032e-02
4.862193857812968645e-02
6.634643634808590207e-02
8.292147700898055973e-02
9.812996756002867471e-02
1.116801111753495945e-01
1.233656430564877837e-01
1.330258501705419150e-01
1.404555835386567253e-01
1.455838132851337008e-01
1.482774313800803156e-01
1.485284062943801331e-01
1.463296008317698238e-01
1.417279183589847946e-01
1.348163729945426326e-01
1.256796722930122456e-01
1.144846629194660181e-01
1.014361988881962162e-01
8.674079310406845877e-02
7.065582621331500945e-02
5.344679075045277727e-02
3.536886947533091075e-02
1.675559544077742657e-02
-2.059483593939148705e-03
-2.096483366745793830e-02
-3.937965420749378609e-02
-5.714897155523424033e-02
-7.404148908092622605e-02
-8.965639279757020574e-02
-1.037845064689548735e-01
-1.161748186646356373e-01
-1.266388386450216785e-01
-1.350031554070110218e-01
-1.411349625930231610e-01
-1.449372158415691558e-01
-1.463509479181457351e-01
-1.453568339153612499e-01
-1.419751503438728690e-01
-1.362654901100022187e-01
-1.283259396709901523e-01
-1.182925266171199752e-01
-1.063360539430391327e-01
-9.266110425623708124e-02
-7.750657071351341187e-02
-6.112437488254940376e-02
-4.377779614156196430e-02
-2.566922329490672894e-02
-7.217680676090409975e-03
1.129065415882024581e-02
2.978287110237509694e-02
4.758184751812954971e-02
6.466043134825305572e-02
8.063689012077901452e-02
9.528911153866559403e-02
1.083103163054008888e-01
1.195485328929333235e-01
1.287831201036411244e-01
1.358736415798915687e-01
1.407357348518161189e-01
1.432453555855364158e-01
1.434241015740340686e-01
1.412314613235032823e-01
1.367019048739361864e-01
1.299460826119620549e-01
1.210453788690148968e-01
1.101954730848184738e-01
9.754796004111732088e-02
8.331786937619511946e-02
6.776178283829992210e-02
5.110352366141945879e-02
3.364113079971531306e-02
1.567276712427556618e-02
-2.501422836413524919e-03
-2.079972228938054002e-02
-3.854095016039771338e-02
-5.568663467331624872e-02
-7.194666573734664894e-02
-8.698488995104725063e-02
-1.006003887951969489e-01
-1.125039379464709555e-01
-1.225513694731699132e-01
-1.305638239909789888e-01
-1.364167994289999797e-01
-1.400171439043873534e-01
-1.413095129639074798e-01
-1.402763164897411485e-01
-1.369383077148569328e-01
-1.313543466995117370e-01
-1.236208023248064336e-01
-1.138703861243470783e-01
-1.022692864801797441e-01
-8.901696525444968700e-02
-7.434529477345286352e-02
-5.848615931537359813e-02
-4.170246613992922846e-02
-2.418202251601542230e-02
-6.360834300075168812e-03
1.153765627103098268e-02
2.940105968491657507e-02
4.658063135179091319e-02
6.305376024163322768e-02
7.845392227466874147e-02
9.256081147099060047e-02
1.050966559030932501e-01
1.158882027961976036e-01
1.247397198803437135e-01
1.315426644172568160e-01
1.361367229658192457e-01
1.385168271141594687e-01
1.385851457342912596e-01
1.363820750903670387e-01
1.319400725637400740e-01
1.253149691400992083e-01
1.166752069964545058e-01
1.060922923863785172e-01
9.381304058155670589e-02
8.000961644432535991e-02
6.494457186959579076e-02
4.881994003580913954e-02
3.191290283563930075e-02
1.454695209823952951e-02
-2.850880306120018304e-03
-2.063146516812253140e-02
-3.769899900530582215e-02
-5.424964255035291671e-02
-6.989955832506034028e-02
-8.438757868452206878e-02
-9.749320911769387976e-02
-1.089449077308373148e-01
-1.186002757401638519e-01
-1.262893411136758459e-01
-1.318919903584401254e-01
-1.353191879069530756e-01
-1.365182964191387072e-01
-1.354731322582267694e-01
-1.322045462454042308e-01
-1.267702012085791807e-01
-1.192640124957247139e-01
-1.098147417040351570e-01
-9.858365626060638931e-02
-8.576471977587019069e-02
-7.159624614252280139e-02
-5.625881421995160281e-02
-4.003200476631008087e-02
-2.312582867144996612e-02
-5.902496186084960073e-03
1.152296406122843564e-02
2.873776916231562950e-02
4.535925336733548363e-02
6.127418612357793393e-02
7.615383416122689653e-02
8.978451772274453901e-02
1.018882812043564456e-01
1.122985297276972716e-01
1.208534519059920598e-01
1.273834729457821169e-01
1.318273731738823784e-01
1.340597726792065458e-01
1.340986393323504444e-01
1.319202768492662159e-01
1.275752100918694509e-01
1.211591460214656024e-01
1.127281092804590656e-01
1.024890324903680039e-01
9.056529592550788266e-02
7.719151938834833970e-02
6.259514972896340623e-02
4.696966434533855761e-02
3.059537888781704851e-02
1.378657064636890084e-02
-3.212271257455157070e-03
-2.040996079185752876e-02
-3.697648104530770752e-02
-5.304726760700617660e-02
-6.818929330467682348e-02
-8.223067641857539911e-02
-9.491757838555869853e-02
-1.060151054259854675e-01
-1.153455355581556319e-01
-1.227711890498479619e-01
-1.281666359925619503e-01
-1.314479823696057537e-01
-1.325641760705877914e-01
-1.315002320857878715e-01
-1.282770671909432281e-01
-1.229514711469512633e-01
-1.156155401031728758e-01
-1.063949547044700239e-01
-9.544745869330739652e-02
-8.296117039972372709e-02
-6.916464158578783383e-02
-5.423253043813147656e-02
-3.842897409376710982e-02
-2.202680691520697565e-02
-5.262500958828297826e-03
1.150980523181388548e-02
2.826890553696159714e-02
4.436075237081915645e-02
5.979235857409292976e-02
7.420017464799855134e-02
8.739881162023444006e-02
9.912296284260690982e-02
1.091963239616990933e-01
1.174612561237875497e-01
1.237645541177343489e-01
1.280335145094166904e-01
1.301934788746770266e-01
1.302126235347689232e-01
1.280900402673967875e-01
1.238606986026837831e-01
1.175955764807383730e-01
1.094036957309256763e-01
9.944459182738185632e-02
8.786538184046044364e-02
7.487833623052253529e-02
6.069532916155395696e-02
4.551882019292996517e-02
2.962425068574781051e-02
1.330930365234017643e-02
-3.196152524640893944e-03
-1.989782510889881451e-02
-3.596191908899548650e-02
-5.155953236805821405e-02
-6.624128862468836587e-02
-7.990278229928726716e-02
-9.219900960074589591e-02
-1.029995212806991134e-01
-1.120517163801721949e-01
-1.192681764710101788e-01
-1.245103959744842115e-01
-1.277010576289150379e-01
-1.287894771160402740e-01
-1.277612725925720838e-01
-1.246366352681498313e-01
-1.194707171809756829e-01
-1.123529551810111826e-01
-1.034052086759373879e-01
-9.278021607163466911e-02
-8.069440893314272500e-02
-6.729081087416943774e-02
-5.283315560444279413e-02
-3.747045149844296930e-02
-2.155606105993967958e-02
-5.277256429918608660e-03
1.100766687942211774e-02
2.727884348784037627e-02
4.290499732191221938e-02
5.790495973174714095e-02
7.189957346056985443e-02
8.472002305908610253e-02
9.615375323806141239e-02
1.059547766286002002e-01
1.140096492556672558e-01
1.201835827292896397e-01
1.243508671029260881e-01
1.264787732219900818e-01
1.265223211830512895e-01
1.244849894450705818e-01
1.204007113936267359e-01
1.143405224222284744e-01
1.064326765066851976e-01
9.677833935272772692e-02
8.556524638337137389e-02
7.300001549498347231e-02
5.922875795078397232e-02
4.450985622186820478e-02
2.908977249007449473e-02
1.325620444072228565e-02
-2.770567309857696614e-03
-1.897433734233544556e-02
-3.456688103526595057e-02
-4.971189534010633793e-02
-6.397836558232583570e-02
-7.726117301798041126e-02
-8.921981300750303490e-02
-9.973856760571386815e-02
-1.085875937194078489e-01
-1.156316124851812788e-01
-1.207749253453211935e-01
-1.239265913829221688e-01
-1.250405263547449408e-01
-1.241008873769722243e-01
-1.211266380201116988e-01
-1.161704132855980731e-01
-1.093180956955421834e-01
-1.006866862835824605e-01
-9.044787251223951330e-02
-7.875715507063851817e-02
-6.578889042004654186e-02
-5.179260221593118274e-02
-3.690066297548533214e-02
-2.147978842186759607e-02
-5.686916777040806892e-03
1.012126286972048206e-02
2.591329970873523791e-02
4.109352072806515821e-02
5.568943414948890336e-02
6.930110622505480933e-02
8.180228383781873447e-02
9.293814980701498030e-02
1.025234898912934511e-01
1.104078442780984659e-01
1.164679932447896249e-01
1.206135238807135579e-01
1.227461778632576994e-01
1.228679647713732948e-01
1.209655123263200238e-01
1.170765349320355142e-01
1.112938095758053691e-01
1.036782754624443470e-01
9.438307221964237215e-02
8.356436092791419412e-02
7.141431835267830763e-02
5.808130591771387685e-02
4.382667414190422051e-02
2.888793405634615397e-02
1.353160977466316695e-02
-2.020261121051802888e-03
-1.769263432195877783e-02
-3.284755128973770866e-02
-4.756521586296713622e-02
-6.139416624815652312e-02
-7.433262528365602861e-02
-8.597347794712462132e-02
-9.623795636531440323e-02
-1.049123179649669169e-01
-1.118516504466384731e-01
-1.169703470042939841e-01
-1.201235625607459667e-01
-1.213217302483649007e-01
-1.205246495754543901e-01
-1.177547594257610797e-01
-1.130597535818882449e-01
-1.065208172362126504e-01
-9.828415291869774251e-02
-8.843059677610831670e-02
-7.718374120614335254e-02
-6.467413507523644967e-02
-5.115721217292801271e-02
-3.675547229513398406e-02
-2.180537897680068227e-02
-6.503161811853175323e-03
9.033071687934324245e-03
2.430958438850971959e-02
3.918558709494845971e-02
5.340391361054130925e-02
6.671784936635205554e-02
7.894964832508577501e-02
8.988505502156840521e-02
9.930880894043880858e-02
1.070890165188593812e-01
1.130954910551782433e-01
1.172368697320269604e-01
1.194502679019500135e-01
1.197019013627080852e-01
1.179876430022943623e-01
1.143358778752006089e-01
1.088097705314989838e-01
1.015068450291636282e-01
9.255536941137698648e-02
8.210921616438326964e-02
7.033720639914875505e-02
5.743626141824620390e-02
4.358240685820646831e-02
2.907016459828248856e-02
1.412199475795894443e-02
-1.026891293349763146e-03
-1.616309205747690214e-02
-3.104906970054877036e-02
-4.537096619990776958e-02
-5.891203169790060201e-02
-7.156496801709444355e-02
-8.302881170009612788e-02
-9.311490157632995590e-02
-1.016914485166218185e-01
-1.085731817461272897e-01
-1.136970557388501391e-01
-1.169603389110704939e-01
-1.183170820069872065e-01
-1.177458143346967745e-01
-1.152581575785944779e-01
-1.108962110102407195e-01
-1.047319778039490501e-01
-9.686532783396728519e-02
-8.745616993780025439e-02
-7.662721038411390850e-02
-6.455918003415028750e-02
-5.147926184506701475e-02
-3.749694823589777570e-02
-2.296806365438541775e-02
-8.052983896579490875e-03
6.899529552406136190e-03
2.172423930662503722e-02
3.629025837990695891e-02
5.019671289389648905e-02
6.326177214899075807e-02
7.530221554308269560e-02
8.609579675831646739e-02
9.549002378195403651e-02
1.032825654459106346e-01
1.093783805223260686e-01
1.136717128886193251e-01
1.160989225491935173e-01
1.166228259574761950e-01
1.152368146541213889e-01
1.119655935987164952e-01
1.068667754493883848e-01
1.000302936591275227e-01
9.157552230295351592e-02
8.164720403213543420e-02
7.042432749995519714e-02
5.805090521941913551e-02
4.472972164822763830e-02
3.072873100335549168e-02
1.627002897224905098e-02
1.772181282166940264e-03
-1.320613024429917459e-02
-2.756887494921045345e-02
-4.161921954929326262e-02
-5.492019177376228356e-02
-6.733742656391505932e-02
-7.869517491298516632e-02
-8.871581748021029057e-02
-9.731296005332978893e-02
-1.043126690033950865e-01
-1.095853822967161051e-01
-1.130836973528328571e-01
-1.147354036949632672e-01
-1.145199784060952908e-01
-1.124416461587394167e-01
-1.085360182209029745e-01
-1.028672973154360903e-01
-9.552694893246638230e-02
-8.667324646545182532e-02
-7.640977329148945785e-02
-6.491260169285695270e-02
-5.239968353223822817e-02
-3.897206915336148825e-02
-2.499397450641005491e-02
-1.057300519350690138e-02
3.913041608001321947e-03
1.832601989370807871e-02
3.249595116807135753e-02
4.612100655249129488e-02
5.894719400947501242e-02
7.080332502932940031e-02
8.151273845814621666e-02
9.088811567029964067e-02
9.877105519938211842e-02
1.049986545971268725e-01
1.095073338955003805e-01
1.122132124396628683e-01
1.130785930957376451e-01
1.120914264845342956e-01
1.092713126520639122e-01
1.046688935445274637e-01
9.836558689334928829e-02
9.047118327270808891e-02
8.114524217006824358e-02
7.049897701178586829e-02
5.871552107544175669e-02
4.596965013207743311e-02
3.251993297459776500e-02
1.858346769386898245e-02
4.388165512684949476e-03
-9.902534987398681210e-03
-2.404176684787096008e-02
-3.768160485800109427e-02
-5.076663207649900755e-02
-6.292415605526358036e-02
-7.416412552776563416e-02
-8.415418676028885159e-02
-9.275712117689494107e-02
-9.985933741860719692e-02
-1.053285992263219839e-01
-1.090543632115146266e-01
-1.110163267144947952e-01
-1.111667932108968415e-01
-1.095094023978120390e-01
-1.060711360102803980e-01
-1.009085707080075167e-01
-9.414053171095382311e-02
-8.584362612532636660e-02
-7.616426354117322717e-02
-6.524938333644669797e-02
-5.331496909537136730e-02
-4.045113684900059070e-02
-2.700706723259926889e-02
-1.309303635181358061e-02
9.774107870796910902e-04
1.508983322813861605e-02
2.893708644516124195e-02
4.230611904841019566e-02
5.496603189019033664e-02
6.668306407520852019e-02
7.734072901638278097e-02
8.670711164074695887e-02
9.466249657604031142e-02
1.010408882546673937e-01
1.057575674154804801e-01
1.087328219948915375e-01
1.099219416255561299e-01
1.093084493346907493e-01
1.069060754981343564e-01
1.027587182716818148e-01
9.693990131933816201e-02
8.955083655778395268e-02
8.073510364864233679e-02
7.060520287380533944e-02
5.933526170345260198e-02
4.708955588894703226e-02
3.411590506805595169e-02
2.062678314322852202e-02
6.831110880018087528e-03
-7.217171120823095976e-03
-2.097126923674963450e-02
-3.443092244906154065e-02
-4.730603211901751592e-02
-5.934181499073787336e-02
-7.048424290405108650e-02
-8.047329570966610390e-02
-8.911320172176928622e-02
-9.632277004304512502e-02
-1.019555897462058880e-01
-1.059287241773176902e-01
-1.081458440554570188e-01
-1.086146535398224700e-01
-1.073101358194641364e-01
-1.042590429853973433e-01
-9.954384453997988658e-02
-9.320833933194272447e-02
-8.537017745863728635e-02
-7.615077209543485992e-02
-6.573216541770321442e-02
-5.423612315559722674e-02
-4.181609287929966001e-02
-2.878101485848461039e-02
-1.525009996677262336e-02
-1.511127964683112168e-03
1.244853492058695110e-02
2.607185524445654323e-02
3.921583427484520712e-02
5.177687187463675400e-02
6.342833180822537997e-02
7.406397937859310332e-02
8.348574614838710772e-02
9.154685692527131380e-02
9.810319427468527920e-02
1.030230645066385620e-01
1.062561324775241900e-01
1.077412306582949952e-01
1.074595083422593689e-01
1.054184366770556380e-01
1.016558921344028477e-01
9.623854518871688413e-02
8.926052093764624829e-02
8.085197650108177925e-02
7.112772423917590459e-02
6.025351167076919978e-02
4.838617134960188082e-02
3.576226637975388201e-02
2.259424453353275908e-02
9.071391394195771340e-03
-4.486438807409953711e-03
-1.820728580206321112e-02
-3.166929102697402243e-02
-4.435359972842256582e-02
-5.641814697442804061e-02
-6.753598359776447069e-02
-7.760568186025906812e-02
-8.639065635535025933e-02
-9.375153149783699291e-02
-9.959980115410260737e-02
-1.038227117574930247e-01
-1.063574384643946047e-01
-1.071628294593907071e-01
-1.062281791166714839e-01
-1.035709025828985830e-01
-9.923632365540235867e-02
-9.329616714338762051e-02
-8.584667426642944577e-02
-7.700599254977014141e-02
-6.695179880691881635e-02
-5.579790519592897624e-02
-4.370277407383049706e-02
-3.095185824837365374e-02
-1.766348460989064506e-02
-4.341712814074583093e-03
9.371697256716160496e-03
2.286559710608138118e-02
3.593560587903255055e-02
4.844333269284462062e-02
6.012051227183157209e-02
7.081569776469898159e-02
8.036904436835179411e-02
8.860457308037084090e-02
9.539159344175018873e-02
1.006506362072698835e-01
1.042065461431640472e-01
1.060776415391515570e-01
1.062078815051581415e-01
1.046057244543021625e-01
1.012994232426684960e-01
9.634818923182209005e-02
8.983788943351100897e-02
8.188812649371612906e-02
7.261179795883343502e-02
6.216327098218066283e-02
5.069666172676434712e-02
3.842395939133247396e-02
2.557047100829024089e-02
1.232175626267384416e-02
-1.014164395044758749e-03
-1.457829681598710181e-02
-2.770936660102130134e-02
-4.041431680690621420e-02
-5.247674380986211418e-02
-6.358606975383906956e-02
-7.377013797019138508e-02
-8.272917500633880650e-02
-9.031388642327264904e-02
-9.645258661057454219e-02
-1.010186423872792005e-01
-1.039467748356912580e-01
-1.051886950959666223e-01
-1.047266709079810454e-01
-1.025701899215736290e-01
-9.875623677488043484e-02
-9.334793039768740641e-02
-8.643290546873139135e-02
-7.812023187457839413e-02
-6.858180968932714450e-02
-5.792331388135707471e-02
-4.628879657651552293e-02
-3.391181468400716881e-02
-2.102167687161227150e-02
-7.786375105702347810e-03
5.510718353542998216e-03
1.885926514822067190e-02
3.176777824674381634e-02
4.423943331371660292e-02
5.594333670397944047e-02
6.669612032477267860e-02
7.639254934256989316e-02
8.483175357293859520e-02
9.189350658483874668e-02
9.744614316593569470e-02
1.013869058958540847e-01
1.036710325157823576e-01
1.042574093044912331e-01
1.031410823929164167e-01
1.003439297752724002e-01
9.591632727836163497e-02
8.996451843833241924e-02
8.253144366899256568e-02
7.377770608106715144e-02
6.382889216883746997e-02
5.283789240384351160e-02
4.099456831994174877e-02
2.853142766467264835e-02
1.562813488980729915e-02
2.508142315784667176e-03
-1.073342551146438950e-02
-2.377869497110829400e-02
-3.634197624344714939e-02
-4.836381166698799916e-02
-5.951527153378499690e-02
-6.975905359517220461e-02
-7.888278671266135689e-02
-8.671702773548517484e-02
-9.311598404273091489e-02
-9.802091949912039581e-02
-1.013298825246380375e-01
-1.029969605462497384e-01
-1.029949585215330643e-01
-1.013261166864118934e-01
-9.801905348082762259e-02
-9.312848436796095086e-02
-8.673329295576159836e-02
-7.893427386017926040e-02
-6.989804985265735127e-02
-5.972020161726021570e-02
-4.853697782851895681e-02
-3.655696309561129453e-02
-2.403810436303288611e-02
-1.111785511689866723e-02
1.903346115142312556e-03
1.514303745151579506e-02
2.794904829557154358e-02
4.034587507508646809e-02
5.206298048154067715e-02
6.290035873609944872e-02
7.271680920294087969e-02
8.135060170829788717e-02
8.864666634208617779e-02
9.451408244520287383e-02
9.882528871946583138e-02
1.015007084757897360e-01
1.025214069316930932e-01
1.018648384623812575e-01
9.954737928374335354e-02
9.561066783012073245e-02
9.014866017982647861e-02
8.319963706960287197e-02
7.491936408914767753e-02
6.542351146924829663e-02
5.485961304757225321e-02
4.340057607407565854e-02
3.128153178744597085e-02
1.868765939669003728e-02
5.778644787692854834e-03
-7.117447339547666729e-03
-1.982369050931254151e-02
-3.233276128322870591e-02
-4.425119109183661692e-02
-5.547649406685195572e-02
-6.569841878799920210e-02
-7.496769575334738533e-02
-8.299345880305253331e-02
-8.964013373080526037e-02
-9.485773575555001003e-02
